
  6134.029   774.4217    0.1
  6134.047   773.3223    0.1
  6134.064   772.5536    0.1
  6134.082   769.1177    0.1
  6134.099   763.8645    0.1
  6134.116   758.2142    0.1
  6134.134   752.6246    0.1
  6134.151   747.0266    0.1
  6134.169   741.4434    0.1
  6134.186   735.1969    0.1
  6134.203   728.2330    0.1
  6134.221   722.8722    0.1
  6134.238   717.8964    0.1
  6134.256   716.7151    0.1
  6134.273   716.2680    0.1
  6134.290   713.9624    0.1
  6134.308   713.7221    0.1
  6134.325   717.9916    0.1
  6134.343   723.2291    0.1
  6134.360   729.0064    0.1
  6134.377   735.7523    0.1
  6134.395   741.6992    0.1
  6134.412   748.3644    0.1
  6134.429   755.9397    0.1
  6134.447   759.9458    0.1
  6134.464   763.2386    0.1
  6134.482   768.4123    0.1
  6134.499   774.2510    0.1
  6134.516   777.1802    0.1
  6134.534   779.4373    0.1
  6134.551   781.8162    0.1
  6134.569   782.5724    0.1
  6134.586   783.0369    0.1
  6134.603   779.3444    0.1
  6134.621   778.7239    0.1
  6134.638   776.4123    0.1
  6134.656   772.5896    0.1
  6134.673   771.0947    0.1
  6134.690   770.6268    0.1
  6134.708   767.0197    0.1
  6134.725   763.8217    0.1
  6134.743   761.8129    0.1
  6134.760   759.2007    0.1
  6134.777   753.2952    0.1
  6134.795   750.1459    0.1
  6134.812   747.7254    0.1
  6134.830   741.3854    0.1
  6134.847   735.7003    0.1
  6134.864   729.5873    0.1
  6134.882   719.0826    0.1
  6134.899   709.6898    0.1
  6134.917   698.4185    0.1
  6134.934   688.0566    0.1
  6134.951   675.6928    0.1
  6134.969   660.3859    0.1
  6134.986   646.1843    0.1
  6135.004   634.3513    0.1
  6135.021   624.8072    0.1
  6135.038   615.0071    0.1
  6135.056   607.8772    0.1
  6135.073   603.2007    0.1
  6135.091   605.5904    0.1
  6135.108   610.3380    0.1
  6135.125   616.2400    0.1
  6135.143   626.5437    0.1
  6135.160   639.4023    0.1
  6135.178   654.7794    0.1
  6135.195   667.2762    0.1
  6135.212   678.5357    0.1
  6135.230   692.2237    0.1
  6135.247   700.8090    0.1
  6135.265   708.6325    0.1
  6135.282   714.6913    0.1
  6135.299   717.7264    0.1
  6135.317   717.8318    0.1
  6135.334   715.4346    0.1
  6135.352   711.7546    0.1
  6135.369   706.6684    0.1
  6135.386   701.4420    0.1
  6135.404   694.7821    0.1
  6135.421   689.4888    0.1
  6135.439   685.8069    0.1
  6135.456   680.5993    0.1
  6135.473   677.9789    0.1
  6135.491   678.1004    0.1
  6135.508   680.6906    0.1
  6135.526   682.8882    0.1
  6135.543   689.5344    0.1
  6135.560   698.1504    0.1
  6135.578   705.9710    0.1
  6135.595   713.8051    0.1
  6135.613   721.5164    0.1
  6135.630   731.9935    0.1
  6135.647   740.0226    0.1
  6135.665   745.7943    0.1
  6135.682   750.3581    0.1
  6135.700   754.5327    0.1
  6135.717   759.3657    0.1
  6135.734   764.2380    0.1
  6135.752   766.2704    0.1
  6135.769   765.6414    0.1
  6135.787   765.2747    0.1
  6135.804   766.6847    0.1
  6135.821   766.5863    0.1
  6135.839   766.5393    0.1
  6135.856   767.2977    0.1
  6135.874   767.6590    0.1
  6135.891   767.4816    0.1
  6135.908   767.7523    0.1
  6135.926   765.3166    0.1
  6135.943   762.1989    0.1
  6135.961   758.9996    0.1
  6135.978   754.6556    0.1
  6135.995   745.3739    0.1
  6136.013   736.1536    0.1
  6136.030   724.8505    0.1
  6136.048   710.6036    0.1
  6136.065   696.5316    0.1
  6136.082   672.2619    0.1
  6136.100   648.4896    0.1
  6136.117   621.2351    0.1
  6136.135   588.7160    0.1
  6136.152   560.4825    0.1
  6136.169   521.9462    0.1
  6136.187   486.3735    0.1
  6136.204   451.2651    0.1
  6136.222   411.5267    0.1
  6136.239   380.3622    0.1
  6136.256   346.7356    0.1
  6136.274   319.3347    0.1
  6136.291   297.2274    0.1
  6136.309   278.3089    0.1
  6136.326   270.1191    0.1
  6136.343   267.7209    0.1
  6136.361   273.2216    0.1
  6136.378   281.9651    0.1
  6136.396   301.2698    0.1
  6136.413   323.1291    0.1
  6136.430   344.8246    0.1
  6136.448   370.3423    0.1
  6136.465   391.1089    0.1
  6136.483   411.9195    0.1
  6136.500   431.8733    0.1
  6136.517   444.9998    0.1
  6136.535   454.2929    0.1
  6136.552   457.8339    0.1
  6136.570   457.3748    0.1
  6136.587   452.3182    0.1
  6136.604   444.6128    0.1
  6136.622   432.9102    0.1
  6136.639   421.1617    0.1
  6136.656   409.6192    0.1
  6136.674   398.9590    0.1
  6136.691   392.4700    0.1
  6136.709   392.0894    0.1
  6136.726   397.2309    0.1
  6136.743   406.3721    0.1
  6136.761   424.4694    0.1
  6136.778   442.8866    0.1
  6136.796   469.5344    0.1
  6136.813   496.5879    0.1
  6136.830   519.2324    0.1
  6136.848   548.5522    0.1
  6136.865   574.0998    0.1
  6136.883   597.3923    0.1
  6136.900   620.3633    0.1
  6136.917   636.0730    0.1
  6136.935   650.5363    0.1
  6136.952   660.6600    0.1
  6136.970   668.0676    0.1
  6136.987   674.5565    0.1
  6137.004   675.5620    0.1
  6137.022   672.1089    0.1
  6137.039   668.5189    0.1
  6137.057   665.4563    0.1
  6137.074   656.8777    0.1
  6137.091   647.0732    0.1
  6137.109   633.4828    0.1
  6137.126   615.7281    0.1
  6137.144   600.3586    0.1
  6137.161   578.5990    0.1
  6137.178   555.1788    0.1
  6137.196   533.5153    0.1
  6137.213   501.1542    0.1
  6137.231   475.2230    0.1
  6137.248   448.6160    0.1
  6137.265   416.6628    0.1
  6137.283   390.7807    0.1
  6137.300   359.7300    0.1
  6137.318   335.3362    0.1
  6137.335   315.6998    0.1
  6137.352   295.5009    0.1
  6137.370   281.5112    0.1
  6137.387   272.9731    0.1
  6137.405   270.5192    0.1
  6137.422   273.6099    0.1
  6137.439   287.0447    0.1
  6137.457   303.0333    0.1
  6137.474   324.8474    0.1
  6137.492   356.8784    0.1
  6137.509   386.9293    0.1
  6137.526   423.1228    0.1
  6137.544   457.5769    0.1
  6137.561   490.0615    0.1
  6137.579   532.5194    0.1
  6137.596   564.7514    0.1
  6137.613   596.4269    0.1
  6137.631   626.0712    0.1
  6137.648   649.1587    0.1
  6137.666   674.6146    0.1
  6137.683   694.3669    0.1
  6137.700   710.1718    0.1
  6137.718   723.3208    0.1
  6137.735   733.0302    0.1
  6137.753   743.7799    0.1
  6137.770   751.2178    0.1
  6137.787   757.2621    0.1
  6137.805   764.6935    0.1
  6137.822   768.8421    0.1
  6137.840   771.2710    0.1
  6137.857   771.5077    0.1
  6137.874   770.9774    0.1
  6137.892   769.7146    0.1
  6137.909   767.9091    0.1
  6137.927   765.7940    0.1
  6137.944   763.9331    0.1
  6137.961   762.1952    0.1
  6137.979   757.3207    0.1
  6137.996   752.6660    0.1
  6138.014   748.5851    0.1
  6138.031   741.9175    0.1
  6138.048   735.1078    0.1
  6138.066   727.3311    0.1
  6138.083   717.3219    0.1
  6138.101   708.4136    0.1
  6138.118   697.9020    0.1
  6138.135   689.5201    0.1
  6138.153   682.5075    0.1
  6138.170   673.8000    0.1
  6138.188   666.2421    0.1
  6138.205   659.7297    0.1
  6138.222   658.5071    0.1
  6138.240   659.5745    0.1
  6138.257   662.4580    0.1
  6138.275   668.1602    0.1
  6138.292   675.8826    0.1
  6138.309   685.2210    0.1
  6138.327   693.0228    0.1
  6138.344   702.8467    0.1
  6138.362   713.0156    0.1
  6138.379   720.6728    0.1
  6138.396   731.1117    0.1
  6138.414   738.0671    0.1
  6138.431   742.4629    0.1
  6138.449   749.3118    0.1
  6138.466   753.9257    0.1
  6138.483   755.5480    0.1
  6138.501   759.5686    0.1
  6138.518   762.2588    0.1
  6138.536   762.6827    0.1
  6138.553   763.9511    0.1
  6138.570   765.6492    0.1
  6138.588   765.6282    0.1
  6138.605   766.5560    0.1
  6138.623   766.3584    0.1
  6138.640   767.6808    0.1
  6138.657   769.3557    0.1
  6138.675   771.0530    0.1
  6138.692   773.4726    0.1
  6138.710   776.1454    0.1
  6138.727   777.9571    0.1
  6138.744   779.2328    0.1
  6138.762   779.3889    0.1
  6138.779   779.5699    0.1
  6138.797   779.9064    0.1
  6138.814   781.6544    0.1
  6138.831   782.3626    0.1
  6138.849   781.6019    0.1
  6138.866   780.9512    0.1
  6138.883   781.1048    0.1
  6138.901   782.9602    0.1
  6138.918   784.3408    0.1
  6138.936   782.8011    0.1
  6138.953   781.3119    0.1
  6138.970   780.6388    0.1
