#  wavelength    Flux         Std.Dev.
#  [Angstroem]   [F(5500)]    [N/A]

  6277.019   33504.4029    0.1
  6277.036   33289.1480    0.1
  6277.053   32867.5569    0.1
  6277.071   31471.7477    0.1
  6277.088   30183.0467    0.1
  6277.106   28699.7264    0.1
  6277.123   27829.7552    0.1
  6277.140   27832.4080    0.1
  6277.158   29263.2906    0.1
  6277.175   31311.1503    0.1
  6277.193   33140.1499    0.1
  6277.210   35215.6577    0.1
  6277.228   35985.7453    0.1
  6277.245   35947.9446    0.1
  6277.262   35211.2366    0.1
  6277.280   34023.7967    0.1
  6277.297   31275.1787    0.1
  6277.315   27900.0271    0.1
  6277.332   25214.9669    0.1
  6277.349   22301.1049    0.1
  6277.367   20800.0929    0.1
  6277.384   19965.0052    0.1
  6277.402   19018.7218    0.1
  6277.419   18398.1710    0.1
  6277.436   17706.6069    0.1
  6277.454   17621.5815    0.1
  6277.471   18177.3180    0.1
  6277.489   19961.2125    0.1
  6277.506   22387.3873    0.1
  6277.523   24878.3684    0.1
  6277.541   28238.2571    0.1
  6277.558   30860.2016    0.1
  6277.576   32945.1745    0.1
  6277.593   34739.4346    0.1
  6277.610   35760.0018    0.1
  6277.628   36669.2532    0.1
  6277.645   37077.1912    0.1
  6277.663   37290.4549    0.1
  6277.680   37467.0922    0.1
  6277.697   37274.2227    0.1
  6277.715   36889.9263    0.1
  6277.732   36271.2271    0.1
  6277.750   35696.0815    0.1
  6277.767   34419.1755    0.1
  6277.784   32217.4284    0.1
  6277.802   30437.8062    0.1
  6277.819   27950.6422    0.1
  6277.837   26936.1275    0.1
  6277.854   26677.7414    0.1
  6277.871   28901.1142    0.1
  6277.889   30324.7693    0.1
  6277.906   31050.4416    0.1
  6277.924   30277.2460    0.1
  6277.941   29657.5559    0.1
  6277.958   29222.0666    0.1
  6277.976   29753.7481    0.1
  6277.993   30715.2037    0.1
  6278.011   31870.6544    0.1
  6278.028   33110.9411    0.1
  6278.046   34211.4134    0.1
  6278.063   35255.2762    0.1
  6278.080   35658.8834    0.1
  6278.098   35771.7573    0.1
  6278.115   34717.1039    0.1
  6278.133   33655.1850    0.1
  6278.150   32187.7138    0.1
  6278.167   31929.5449    0.1
  6278.185   32091.0796    0.1
  6278.202   34021.5467    0.1
  6278.220   34903.2128    0.1
  6278.237   35229.6669    0.1
  6278.254   34315.8836    0.1
  6278.272   33278.4299    0.1
  6278.289   32234.4932    0.1
  6278.307   31471.7469    0.1
  6278.324   31284.4598    0.1
  6278.341   31610.2422    0.1
  6278.359   32009.0765    0.1
  6278.376   32132.1556    0.1
  6278.394   31457.4680    0.1
  6278.411   30677.2119    0.1
  6278.428   29824.5588    0.1
  6278.446   28286.5293    0.1
  6278.463   27307.8951    0.1
  6278.481   26708.9322    0.1
  6278.498   26564.3188    0.1
  6278.515   26538.5625    0.1
  6278.533   26188.6183    0.1
  6278.550   24871.3540    0.1
  6278.568   23517.2405    0.1
  6278.585   20676.1983    0.1
  6278.602   19135.8941    0.1
  6278.620   18355.2928    0.1
  6278.637   19519.6608    0.1
  6278.655   21199.2487    0.1
  6278.672   23768.4722    0.1
  6278.689   27129.6258    0.1
  6278.707   29468.8484    0.1
  6278.724   31925.8021    0.1
  6278.742   32799.1452    0.1
  6278.759   33074.6138    0.1
  6278.776   33209.1853    0.1
  6278.794   33258.5282    0.1
  6278.811   33332.5441    0.1
  6278.829   33635.4216    0.1
  6278.846   33904.2339    0.1
  6278.863   34124.1650    0.1
  6278.881   34573.7177    0.1
  6278.898   34986.1710    0.1
  6278.916   35952.8737    0.1
  6278.933   36712.7554    0.1
  6278.951   37532.2425    0.1
  6278.968   38307.6902    0.1
  6278.985   38558.7977    0.1
  6279.003   38692.8265    0.1
  6279.020   38970.8179    0.1
  6279.038   39165.2492    0.1
  6279.055   39432.3618    0.1
  6279.072   39760.2259    0.1
  6279.090   40023.2352    0.1
  6279.107   40449.3521    0.1
  6279.125   40639.3448    0.1
  6279.142   40807.4605    0.1
  6279.159   41286.1030    0.1
  6279.177   41267.1553    0.1
  6279.194   41002.0388    0.1
  6279.212   40556.0223    0.1
  6279.229   40194.2577    0.1
  6279.246   39387.3721    0.1
  6279.264   38097.0624    0.1
  6279.281   36973.9381    0.1
  6279.299   35034.3827    0.1
  6279.316   33100.0528    0.1
  6279.333   31303.4265    0.1
  6279.351   28154.3979    0.1
  6279.368   26184.7806    0.1
  6279.386   24144.6327    0.1
  6279.403   24034.6452    0.1
  6279.420   25184.3624    0.1
  6279.438   28412.1756    0.1
  6279.455   31121.7382    0.1
  6279.473   33577.4243    0.1
  6279.490   35735.9831    0.1
  6279.507   36646.3032    0.1
  6279.525   37055.0289    0.1
  6279.542   36406.1369    0.1
  6279.560   35275.1189    0.1
  6279.577   33275.5701    0.1
  6279.594   30375.2283    0.1
  6279.612   28406.4402    0.1
  6279.629   27245.8107    0.1
  6279.647   28653.2894    0.1
  6279.664   30498.4662    0.1
  6279.681   33819.2600    0.1
  6279.699   35451.4759    0.1
  6279.716   36298.2770    0.1
  6279.734   36730.0381    0.1
  6279.751   36920.2710    0.1
  6279.769   37047.9217    0.1
  6279.786   37457.1194    0.1
  6279.803   37793.5182    0.1
  6279.821   38251.1726    0.1
  6279.838   38464.5764    0.1
  6279.856   38493.5160    0.1
  6279.873   38291.3244    0.1
  6279.890   38142.9943    0.1
  6279.908   37999.8931    0.1
  6279.925   38020.6144    0.1
  6279.943   38111.1148    0.1
  6279.960   38267.2189    0.1
  6279.977   38416.2666    0.1
  6279.995   38528.1229    0.1
  6280.012   38529.2637    0.1
  6280.030   38620.2412    0.1
  6280.047   38771.1094    0.1
  6280.064   39293.9583    0.1
  6280.082   39514.0827    0.1
  6280.099   39490.5021    0.1
  6280.117   39559.6700    0.1
  6280.134   39654.9257    0.1
  6280.151   39703.3419    0.1
  6280.169   39874.1323    0.1
  6280.186   39962.8244    0.1
  6280.204   40004.4617    0.1
  6280.221   39789.1104    0.1
  6280.238   39522.8700    0.1
  6280.256   39037.6144    0.1
  6280.273   38538.9592    0.1
  6280.291   38019.8984    0.1
  6280.308   37438.2311    0.1
  6280.325   36804.5176    0.1
  6280.343   35983.4448    0.1
  6280.360   33654.1044    0.1
  6280.378   31467.4760    0.1
  6280.395   28784.5071    0.1
  6280.412   26145.4988    0.1
  6280.430   25854.4409    0.1
  6280.447   26715.6227    0.1
  6280.465   29176.4901    0.1
  6280.482   31216.5830    0.1
  6280.499   33551.1191    0.1
  6280.517   34797.9611    0.1
  6280.534   35602.0436    0.1
  6280.552   36628.8101    0.1
  6280.569   37373.4432    0.1
  6280.586   38089.5266    0.1
  6280.604   38798.9835    0.1
  6280.621   39224.6317    0.1
  6280.639   39742.3802    0.1
  6280.656   39932.3436    0.1
  6280.674   40149.7560    0.1
  6280.691   40678.4856    0.1
  6280.708   40580.0039    0.1
  6280.726   40472.6157    0.1
  6280.743   39724.2558    0.1
  6280.761   38622.2512    0.1
  6280.778   37107.0089    0.1
  6280.795   34096.6417    0.1
  6280.813   31558.3168    0.1
  6280.830   29167.9930    0.1
  6280.848   25255.4823    0.1
  6280.865   23080.5429    0.1
  6280.882   20007.7390    0.1
  6280.900   18401.6362    0.1
  6280.917   18400.1624    0.1
  6280.935   20676.8554    0.1
  6280.952   23340.5600    0.1
  6280.969   26158.7120    0.1
  6280.987   30139.4572    0.1
  6281.004   32113.6279    0.1
  6281.022   33159.9168    0.1
  6281.039   33779.9950    0.1
  6281.056   34049.9425    0.1
  6281.074   34201.0268    0.1
  6281.091   34380.9197    0.1
  6281.109   34581.8689    0.1
  6281.126   34971.8080    0.1
  6281.143   35480.4080    0.1
  6281.161   35900.3778    0.1
  6281.178   36505.1359    0.1
  6281.196   36742.4446    0.1
  6281.213   36903.6092    0.1
  6281.230   36872.5340    0.1
  6281.248   36729.6147    0.1
  6281.265   36783.8944    0.1
  6281.283   36701.2800    0.1
  6281.300   36700.8805    0.1
  6281.317   36874.3388    0.1
  6281.335   37060.4636    0.1
  6281.352   37222.0011    0.1
  6281.370   37494.5273    0.1
  6281.387   37607.4247    0.1
  6281.404   37648.6633    0.1
  6281.422   37721.2042    0.1
  6281.439   37797.6150    0.1
  6281.457   37802.9121    0.1
  6281.474   37619.9251    0.1
  6281.492   37367.2865    0.1
  6281.509   37106.2818    0.1
  6281.526   36788.6465    0.1
  6281.544   36458.4795    0.1
  6281.561   35916.4654    0.1
  6281.579   34610.3778    0.1
  6281.596   33296.8113    0.1
  6281.613   30286.8611    0.1
  6281.631   27356.1301    0.1
  6281.648   24376.1083    0.1
  6281.666   18484.1942    0.1
  6281.683   14481.1735    0.1
  6281.700   11102.3006    0.1
  6281.718   8006.9260    0.1
  6281.735   6761.2649    0.1
  6281.753   6240.4492    0.1
  6281.770   6402.6884    0.1
  6281.787   6946.5482    0.1
  6281.805   8005.3051    0.1
  6281.822   9871.1509    0.1
  6281.840   11545.0377    0.1
  6281.857   14506.3702    0.1
  6281.874   17103.9308    0.1
  6281.892   19217.6705    0.1
  6281.909   22673.4014    0.1
  6281.927   24942.1159    0.1
  6281.944   26938.2573    0.1
  6281.961   29516.2673    0.1
  6281.979   31126.1618    0.1
  6281.996   32806.3482    0.1
  6282.014   34477.3312    0.1
  6282.031   35746.3197    0.1
  6282.048   37156.7762    0.1
  6282.066   38176.2981    0.1
  6282.083   38747.8045    0.1
  6282.101   39533.4441    0.1
  6282.118   39754.8870    0.1
  6282.135   39772.8474    0.1
  6282.153   39495.4843    0.1
  6282.170   39410.9716    0.1
  6282.188   39291.4129    0.1
  6282.205   38807.0665    0.1
  6282.222   38486.9575    0.1
  6282.240   38083.6447    0.1
  6282.257   37617.0600    0.1
  6282.275   37268.7951    0.1
  6282.292   36777.5702    0.1
  6282.309   36597.0820    0.1
  6282.327   36460.3078    0.1
  6282.344   36165.9288    0.1
  6282.362   35793.5874    0.1
  6282.379   35356.8477    0.1
  6282.397   34193.8803    0.1
  6282.414   32847.5691    0.1
  6282.431   31170.1152    0.1
  6282.449   28240.7945    0.1
  6282.466   26866.3531    0.1
  6282.484   26417.8807    0.1
  6282.501   27822.4876    0.1
  6282.518   29734.8795    0.1
  6282.536   32649.6703    0.1
  6282.553   34365.7579    0.1
  6282.571   35283.6725    0.1
  6282.588   36097.2382    0.1
  6282.605   36689.3192    0.1
  6282.623   37107.6586    0.1
  6282.640   37594.3401    0.1
  6282.658   37906.1334    0.1
  6282.675   38218.0694    0.1
  6282.692   38738.3273    0.1
  6282.710   38952.6727    0.1
  6282.727   39114.9783    0.1
  6282.745   39250.8895    0.1
  6282.762   39501.9585    0.1
  6282.779   39420.7813    0.1
  6282.797   39403.3167    0.1
  6282.814   39289.2051    0.1
  6282.832   38922.7815    0.1
  6282.849   38347.8270    0.1
  6282.866   37861.0190    0.1
  6282.884   37209.7436    0.1
  6282.901   36929.1086    0.1
  6282.919   36780.9425    0.1
  6282.936   36651.2359    0.1
  6282.953   36907.0253    0.1
  6282.971   37226.0572    0.1
