#  wavelength    Flux         Std.Dev.
#  [Angstroem]   [F(5500)]    [N/A]

  6250.025   35987.1701    0.1
  6250.042   35952.0456    0.1
  6250.060   35945.0135    0.1
  6250.077   35947.3661    0.1
  6250.095   35705.3287    0.1
  6250.112   35617.0854    0.1
  6250.129   35641.8966    0.1
  6250.147   35515.9585    0.1
  6250.164   35386.6389    0.1
  6250.182   35388.1220    0.1
  6250.199   35185.4615    0.1
  6250.216   34550.2462    0.1
  6250.234   34172.9557    0.1
  6250.251   33678.4754    0.1
  6250.269   33231.2325    0.1
  6250.286   32854.8855    0.1
  6250.303   32408.2397    0.1
  6250.321   32264.1150    0.1
  6250.338   32375.3456    0.1
  6250.356   32672.6884    0.1
  6250.373   33053.3453    0.1
  6250.390   33692.8973    0.1
  6250.408   34376.8419    0.1
  6250.425   35169.5999    0.1
  6250.443   35519.7385    0.1
  6250.460   35426.3337    0.1
  6250.477   35091.2312    0.1
  6250.495   34005.4739    0.1
  6250.512   32711.1974    0.1
  6250.530   30999.1302    0.1
  6250.547   29291.2058    0.1
  6250.564   27637.0368    0.1
  6250.582   25711.0253    0.1
  6250.599   24299.3995    0.1
  6250.617   23377.5345    0.1
  6250.634   22788.8147    0.1
  6250.652   22242.6518    0.1
  6250.669   21963.3146    0.1
  6250.686   21891.7930    0.1
  6250.704   21933.9710    0.1
  6250.721   22159.8411    0.1
  6250.739   22498.1093    0.1
  6250.756   23096.9391    0.1
  6250.773   23714.4141    0.1
  6250.791   24895.4727    0.1
  6250.808   26347.3786    0.1
  6250.826   27573.1505    0.1
  6250.843   28900.1013    0.1
  6250.860   30827.5357    0.1
  6250.878   32403.1220    0.1
  6250.895   33443.0679    0.1
  6250.913   34392.7633    0.1
  6250.930   35281.1082    0.1
  6250.947   35270.1933    0.1
  6250.965   34642.9120    0.1
  6250.982   34225.5895    0.1
  6251.000   33214.6966    0.1
  6251.017   32394.0570    0.1
  6251.034   32021.0800    0.1
  6251.052   31851.6495    0.1
  6251.069   32083.2082    0.1
  6251.087   32644.1840    0.1
  6251.104   33316.2043    0.1
  6251.121   33838.6498    0.1
  6251.139   34383.6637    0.1
  6251.156   34656.0278    0.1
  6251.174   34691.0330    0.1
  6251.191   34689.1639    0.1
  6251.208   34835.2021    0.1
  6251.226   34872.9449    0.1
  6251.243   35007.5318    0.1
  6251.261   35328.8685    0.1
  6251.278   35917.1151    0.1
  6251.295   36297.8145    0.1
  6251.313   36530.7777    0.1
  6251.330   36595.0675    0.1
  6251.348   36646.1528    0.1
  6251.365   36326.8854    0.1
  6251.382   35677.4477    0.1
  6251.400   34970.3166    0.1
  6251.417   34123.9530    0.1
  6251.435   33258.0364    0.1
  6251.452   32544.5895    0.1
  6251.470   31681.2160    0.1
  6251.487   31334.1502    0.1
  6251.504   31445.5342    0.1
  6251.522   31671.0871    0.1
  6251.539   31884.3211    0.1
  6251.557   32176.6943    0.1
  6251.574   32558.0609    0.1
  6251.591   32424.4267    0.1
  6251.609   32219.5333    0.1
  6251.626   32103.7183    0.1
  6251.644   32023.0272    0.1
  6251.661   32091.4154    0.1
  6251.678   32212.5669    0.1
  6251.696   32512.1597    0.1
  6251.713   33149.6649    0.1
  6251.731   33990.8847    0.1
  6251.748   34573.6539    0.1
  6251.765   35048.7159    0.1
  6251.783   35708.0129    0.1
  6251.800   35860.5476    0.1
  6251.818   35910.1246    0.1
  6251.835   36339.7368    0.1
  6251.852   35886.0031    0.1
  6251.870   35340.8897    0.1
  6251.887   34738.2660    0.1
  6251.905   34602.0816    0.1
  6251.922   34860.8705    0.1
  6251.939   35320.7464    0.1
  6251.957   35966.6404    0.1
  6251.974   36699.8340    0.1
  6251.992   37154.8292    0.1
  6252.009   37737.5506    0.1
  6252.026   38085.5687    0.1
  6252.044   38308.9974    0.1
  6252.061   38450.6493    0.1
  6252.079   38610.3868    0.1
  6252.096   38680.0476    0.1
  6252.113   38693.2156    0.1
  6252.131   38845.0435    0.1
  6252.148   38958.7385    0.1
  6252.166   38961.8563    0.1
  6252.183   38952.4050    0.1
  6252.200   38958.8709    0.1
  6252.218   38787.5229    0.1
  6252.235   38647.7836    0.1
  6252.253   38162.8440    0.1
  6252.270   37289.7949    0.1
  6252.287   36114.0506    0.1
  6252.305   35239.0991    0.1
  6252.322   34682.5335    0.1
  6252.340   34834.7912    0.1
  6252.357   34749.5363    0.1
  6252.375   35076.2302    0.1
  6252.392   35379.5923    0.1
  6252.409   35684.6209    0.1
  6252.427   35863.3517    0.1
  6252.444   36281.4452    0.1
  6252.462   36168.9694    0.1
  6252.479   35972.4247    0.1
  6252.496   36052.7471    0.1
  6252.514   35993.3028    0.1
  6252.531   35905.7914    0.1
  6252.549   35436.6201    0.1
  6252.566   35234.5497    0.1
  6252.583   35185.7679    0.1
  6252.601   35141.4430    0.1
  6252.618   35261.9601    0.1
  6252.636   35289.9979    0.1
  6252.653   36057.2576    0.1
  6252.670   36789.2279    0.1
  6252.688   37026.3227    0.1
  6252.705   37358.8832    0.1
  6252.723   37107.7170    0.1
  6252.740   36485.0050    0.1
  6252.757   35370.1253    0.1
  6252.775   34020.1326    0.1
  6252.792   31620.2506    0.1
  6252.810   28709.6784    0.1
  6252.827   25557.4789    0.1
  6252.844   22347.6065    0.1
  6252.862   18616.7485    0.1
  6252.879   15269.1954    0.1
  6252.897   13056.8148    0.1
  6252.914   11520.6998    0.1
  6252.931   10318.7603    0.1
  6252.949   9630.7552    0.1
  6252.966   9477.3304    0.1
  6252.984   9624.0030    0.1
  6253.001   10147.3244    0.1
  6253.018   11330.1161    0.1
  6253.036   13097.6410    0.1
  6253.053   15371.8284    0.1
  6253.071   17693.9174    0.1
  6253.088   21030.5909    0.1
  6253.105   23960.8526    0.1
  6253.123   26438.4319    0.1
  6253.140   28718.8592    0.1
  6253.158   31119.1661    0.1
  6253.175   32910.9505    0.1
  6253.193   34095.9113    0.1
  6253.210   34913.3690    0.1
  6253.227   35581.5056    0.1
  6253.245   36477.5146    0.1
  6253.262   36858.6174    0.1
  6253.280   37072.3145    0.1
  6253.297   37029.3574    0.1
  6253.314   36965.9751    0.1
  6253.332   36789.2881    0.1
  6253.349   36599.6373    0.1
  6253.367   36428.9513    0.1
  6253.384   36156.5682    0.1
  6253.401   35884.3570    0.1
  6253.419   35646.9026    0.1
  6253.436   35415.5516    0.1
  6253.454   34954.3577    0.1
  6253.471   34283.3993    0.1
  6253.488   33341.7162    0.1
  6253.506   32202.2849    0.1
  6253.523   30605.3906    0.1
  6253.541   28208.0600    0.1
  6253.558   25877.8101    0.1
  6253.575   23539.1464    0.1
  6253.593   20481.5689    0.1
  6253.610   17569.5486    0.1
  6253.628   14890.9558    0.1
  6253.645   12876.0352    0.1
  6253.662   11298.5495    0.1
  6253.680   10119.3894    0.1
  6253.697   9885.0190    0.1
  6253.715   9959.2671    0.1
  6253.732   10409.9418    0.1
  6253.749   11602.8248    0.1
  6253.767   13482.5416    0.1
  6253.784   15445.3103    0.1
  6253.802   17778.1937    0.1
  6253.819   20566.8915    0.1
  6253.836   23745.5544    0.1
  6253.854   26258.6188    0.1
  6253.871   28567.3609    0.1
  6253.889   31099.9236    0.1
  6253.906   33031.0659    0.1
  6253.923   34252.2754    0.1
  6253.941   35334.3482    0.1
  6253.958   35961.2405    0.1
  6253.976   35951.2119    0.1
  6253.993   35667.8644    0.1
  6254.010   35151.0881    0.1
  6254.028   34379.0636    0.1
  6254.045   33599.4493    0.1
  6254.063   33032.7382    0.1
  6254.080   32859.4471    0.1
  6254.098   32656.8264    0.1
  6254.115   32644.4649    0.1
  6254.132   32825.6151    0.1
  6254.150   32915.0814    0.1
  6254.167   33122.6078    0.1
  6254.185   32974.4076    0.1
  6254.202   33008.0219    0.1
  6254.219   32739.8387    0.1
  6254.237   32531.0343    0.1
  6254.254   32432.0269    0.1
  6254.272   32351.5665    0.1
  6254.289   32569.8553    0.1
  6254.306   32838.9765    0.1
  6254.324   33309.7863    0.1
  6254.341   33937.3148    0.1
  6254.359   34436.8965    0.1
  6254.376   35202.7759    0.1
  6254.393   35784.3972    0.1
  6254.411   36269.5073    0.1
  6254.428   36762.5948    0.1
  6254.446   37124.1764    0.1
  6254.463   37404.1022    0.1
  6254.480   37364.6581    0.1
  6254.498   37327.7829    0.1
  6254.515   37128.0910    0.1
  6254.533   36834.8566    0.1
  6254.550   36519.5310    0.1
  6254.567   36202.4285    0.1
  6254.585   36213.3416    0.1
  6254.602   36354.4272    0.1
  6254.620   36455.4513    0.1
  6254.637   36817.3510    0.1
  6254.654   37318.7281    0.1
  6254.672   37766.0849    0.1
  6254.689   38238.9557    0.1
  6254.707   38271.5016    0.1
  6254.724   38398.7712    0.1
  6254.741   38276.8122    0.1
  6254.759   37962.1683    0.1
  6254.776   37705.3962    0.1
  6254.794   37078.0234    0.1
  6254.811   36413.3209    0.1
  6254.828   35697.4333    0.1
  6254.846   34890.8449    0.1
  6254.863   33487.4400    0.1
  6254.881   32144.9103    0.1
  6254.898   30866.6322    0.1
  6254.916   29664.3117    0.1
  6254.933   28586.7955    0.1
  6254.950   27973.3417    0.1
  6254.968   27620.0380    0.1
  6254.985   27645.3492    0.1
  6255.003   27871.6677    0.1
  6255.020   28648.3024    0.1
  6255.037   29633.6263    0.1
  6255.055   30589.0396    0.1
  6255.072   31498.3074    0.1
  6255.090   32602.7847    0.1
  6255.107   33611.4864    0.1
  6255.124   34248.2665    0.1
  6255.142   34731.3150    0.1
  6255.159   35245.2220    0.1
  6255.177   34824.5103    0.1
  6255.194   34013.2874    0.1
  6255.211   32811.0009    0.1
  6255.229   31109.9698    0.1
  6255.246   28803.6796    0.1
  6255.264   26052.6060    0.1
  6255.281   23689.1130    0.1
  6255.298   21035.9209    0.1
  6255.316   18129.3262    0.1
  6255.333   15578.1706    0.1
  6255.351   13449.7700    0.1
  6255.368   11944.7443    0.1
  6255.385   10937.9712    0.1
  6255.403   10589.4977    0.1
  6255.420   11046.5065    0.1
  6255.438   12358.5567    0.1
  6255.455   14198.2232    0.1
  6255.472   16620.9492    0.1
  6255.490   19755.9985    0.1
  6255.507   22211.7752    0.1
  6255.525   24579.5551    0.1
  6255.542   26927.3756    0.1
  6255.559   28964.2622    0.1
  6255.577   30446.9723    0.1
  6255.594   31445.3862    0.1
  6255.612   32227.5195    0.1
  6255.629   32687.5876    0.1
  6255.646   32843.1675    0.1
  6255.664   32904.7594    0.1
  6255.681   33009.5150    0.1
  6255.699   33199.8821    0.1
  6255.716   33524.0222    0.1
  6255.734   34111.7103    0.1
  6255.751   34833.4498    0.1
  6255.768   35481.0303    0.1
  6255.786   36159.1565    0.1
  6255.803   36379.0128    0.1
  6255.821   36109.1440    0.1
  6255.838   35658.1733    0.1
  6255.855   34786.1455    0.1
  6255.873   34068.0573    0.1
  6255.890   33675.5641    0.1
  6255.908   33596.7904    0.1
  6255.925   33927.0884    0.1
  6255.942   34599.5539    0.1
  6255.960   35253.2482    0.1
  6255.977   35714.4184    0.1
  6255.995   35956.6830    0.1
  6256.012   35951.1019    0.1
  6256.029   35603.7985    0.1
  6256.047   35169.5449    0.1
  6256.064   34812.4924    0.1
  6256.082   34609.8783    0.1
  6256.099   34579.5226    0.1
  6256.116   34688.0387    0.1
  6256.134   34881.2552    0.1
  6256.151   35117.8405    0.1
  6256.169   35296.8704    0.1
  6256.186   35174.9197    0.1
  6256.203   34920.9079    0.1
  6256.221   34745.0387    0.1
  6256.238   34211.9086    0.1
  6256.256   33538.7052    0.1
  6256.273   32913.0195    0.1
  6256.290   32235.6181    0.1
  6256.308   31741.0056    0.1
  6256.325   31792.4032    0.1
  6256.343   32242.5622    0.1
  6256.360   32887.8627    0.1
  6256.377   33687.3553    0.1
  6256.395   34591.5143    0.1
  6256.412   35372.3713    0.1
  6256.430   35816.5434    0.1
  6256.447   36028.4529    0.1
  6256.464   36020.5617    0.1
  6256.482   36070.9577    0.1
  6256.499   36201.5603    0.1
  6256.517   36422.8033    0.1
  6256.534   36790.3601    0.1
  6256.551   37273.1961    0.1
  6256.569   37745.3689    0.1
  6256.586   38054.7735    0.1
  6256.604   38237.4960    0.1
  6256.621   38391.0448    0.1
  6256.639   38279.0828    0.1
  6256.656   38124.0379    0.1
  6256.673   37961.3213    0.1
  6256.691   37763.1965    0.1
  6256.708   37242.1335    0.1
  6256.726   36673.2136    0.1
  6256.743   36113.4442    0.1
  6256.760   35624.9017    0.1
  6256.778   35233.6169    0.1
  6256.795   35069.2337    0.1
  6256.813   35157.4201    0.1
  6256.830   35482.1530    0.1
  6256.847   35963.7216    0.1
  6256.865   36638.9828    0.1
  6256.882   37286.6561    0.1
  6256.900   37704.5776    0.1
  6256.917   37890.5451    0.1
  6256.934   37982.7918    0.1
  6256.952   37459.9431    0.1
  6256.969   36342.2190    0.1
  6256.987   35023.4347    0.1
  6257.004   33405.4683    0.1
  6257.021   31199.9768    0.1
  6257.039   29207.0053    0.1
  6257.056   27431.7256    0.1
  6257.074   26438.4969    0.1
  6257.091   25856.8508    0.1
  6257.108   26131.2131    0.1
  6257.126   27286.2998    0.1
  6257.143   28676.9301    0.1
  6257.161   30042.1460    0.1
  6257.178   31471.8007    0.1
  6257.195   32456.2727    0.1
  6257.213   33112.6880    0.1
  6257.230   33359.0547    0.1
  6257.248   33112.7564    0.1
  6257.265   32655.2204    0.1
  6257.282   32119.3525    0.1
  6257.300   31160.0442    0.1
  6257.317   30103.6850    0.1
  6257.335   28208.7376    0.1
  6257.352   26093.6037    0.1
  6257.369   24255.6767    0.1
  6257.387   21445.9587    0.1
  6257.404   19326.7345    0.1
  6257.422   16227.7166    0.1
  6257.439   14010.1753    0.1
  6257.457   12598.2877    0.1
  6257.474   11480.9626    0.1
  6257.491   10961.9150    0.1
  6257.509   11147.3283    0.1
  6257.526   11756.3220    0.1
  6257.544   13035.8772    0.1
  6257.561   14913.0021    0.1
  6257.578   17380.8443    0.1
  6257.596   20297.7888    0.1
  6257.613   22602.6745    0.1
  6257.631   25160.3403    0.1
  6257.648   27589.0229    0.1
  6257.665   29430.2220    0.1
  6257.683   30708.2453    0.1
  6257.700   31602.2578    0.1
  6257.718   32343.0829    0.1
  6257.735   32983.4350    0.1
  6257.752   33576.2954    0.1
  6257.770   34183.7775    0.1
  6257.787   34710.7511    0.1
  6257.805   35121.1436    0.1
  6257.822   35397.7163    0.1
  6257.839   35188.1641    0.1
  6257.857   34415.4315    0.1
  6257.874   33272.8386    0.1
  6257.892   30717.7087    0.1
  6257.909   28008.0162    0.1
  6257.926   24862.3445    0.1
  6257.944   22187.0960    0.1
  6257.961   18907.7940    0.1
  6257.979   15657.6228    0.1
  6257.996   13717.1149    0.1
  6258.013   12402.3365    0.1
  6258.031   11597.9782    0.1
  6258.048   11416.9405    0.1
  6258.066   12189.8749    0.1
  6258.083   13587.7747    0.1
  6258.100   15653.1705    0.1
  6258.118   18084.9955    0.1
  6258.135   21171.6569    0.1
  6258.153   24819.3169    0.1
  6258.170   28066.2761    0.1
  6258.187   30906.0522    0.1
  6258.205   33501.6531    0.1
  6258.222   35727.6625    0.1
  6258.240   37171.5951    0.1
  6258.257   38146.2614    0.1
  6258.274   38642.8517    0.1
  6258.292   38830.6308    0.1
  6258.309   38532.0014    0.1
  6258.327   37824.3439    0.1
  6258.344   37082.9784    0.1
  6258.362   36145.5177    0.1
  6258.379   35296.4905    0.1
  6258.396   34825.4904    0.1
  6258.414   34679.4925    0.1
  6258.431   34766.3631    0.1
  6258.449   35028.1210    0.1
  6258.466   35207.6169    0.1
  6258.483   35168.9775    0.1
  6258.501   34904.7416    0.1
  6258.518   34484.6427    0.1
  6258.536   33913.7063    0.1
  6258.553   33384.3236    0.1
  6258.570   32759.1429    0.1
  6258.588   32381.6468    0.1
  6258.605   32036.3826    0.1
  6258.623   31706.7827    0.1
  6258.640   31455.6747    0.1
  6258.657   31304.6574    0.1
  6258.675   31273.3553    0.1
  6258.692   31278.3605    0.1
  6258.710   31580.6540    0.1
  6258.727   31941.9215    0.1
  6258.744   32319.7465    0.1
  6258.762   32540.6514    0.1
  6258.779   32667.9099    0.1
  6258.797   32120.1263    0.1
  6258.814   31083.0653    0.1
  6258.831   29101.7398    0.1
  6258.849   26970.6446    0.1
  6258.866   23801.6719    0.1
  6258.884   20621.3091    0.1
  6258.901   18301.2840    0.1
  6258.918   16073.6826    0.1
  6258.936   14781.9136    0.1
  6258.953   14819.7465    0.1
  6258.971   16125.9328    0.1
  6258.988   18036.4240    0.1
  6259.005   20642.8729    0.1
  6259.023   23292.3738    0.1
  6259.040   25945.4979    0.1
  6259.058   27323.0334    0.1
  6259.075   27683.3434    0.1
  6259.092   27253.7890    0.1
  6259.110   25288.0174    0.1
  6259.127   22332.9610    0.1
  6259.145   19665.0432    0.1
  6259.162   16814.9096    0.1
  6259.180   14240.2683    0.1
  6259.197   11907.8386    0.1
  6259.214   10277.6721    0.1
  6259.232   9536.5459    0.1
  6259.249   9288.7630    0.1
  6259.267   9603.9505    0.1
  6259.284   10501.0403    0.1
  6259.301   11950.2659    0.1
  6259.319   13660.3804    0.1
  6259.336   15761.8431    0.1
  6259.354   18298.9613    0.1
  6259.371   20916.6282    0.1
  6259.388   23550.5553    0.1
  6259.406   25795.4200    0.1
  6259.423   27971.0256    0.1
  6259.441   30052.2524    0.1
  6259.458   31607.5544    0.1
  6259.475   32877.0700    0.1
  6259.493   33624.4214    0.1
  6259.510   33784.6939    0.1
  6259.528   33149.6142    0.1
  6259.545   31756.6606    0.1
  6259.562   29352.0616    0.1
  6259.580   26605.8221    0.1
  6259.597   23186.4680    0.1
  6259.615   19905.7521    0.1
  6259.632   16838.3031    0.1
  6259.649   14371.5542    0.1
  6259.667   12452.7562    0.1
  6259.684   10711.4941    0.1
  6259.702   9740.7011    0.1
  6259.719   9108.2321    0.1
  6259.736   8648.5082    0.1
  6259.754   8328.7226    0.1
  6259.771   8026.6436    0.1
  6259.789   7813.5156    0.1
  6259.806   7694.6685    0.1
  6259.823   7660.4440    0.1
  6259.841   7674.8321    0.1
  6259.858   8016.5288    0.1
  6259.876   8637.1328    0.1
  6259.893   9509.5889    0.1
  6259.910   10723.8892    0.1
  6259.928   12038.1517    0.1
  6259.945   13910.0459    0.1
  6259.963   15347.1796    0.1
  6259.980   16355.4644    0.1
  6259.997   16738.0314    0.1
  6260.015   16708.6326    0.1
  6260.032   15801.7550    0.1
  6260.050   14708.4305    0.1
  6260.067   13845.4051    0.1
  6260.085   13080.8079    0.1
  6260.102   12731.7140    0.1
  6260.119   13100.1960    0.1
  6260.137   13963.3148    0.1
  6260.154   15357.8698    0.1
  6260.172   17226.4597    0.1
  6260.189   19598.8261    0.1
  6260.206   22569.8494    0.1
  6260.224   24992.4522    0.1
  6260.241   27313.0995    0.1
  6260.259   29392.0443    0.1
  6260.276   31392.7920    0.1
  6260.293   33048.2093    0.1
  6260.311   34200.3597    0.1
  6260.328   35136.5507    0.1
  6260.346   35798.0950    0.1
  6260.363   36195.6730    0.1
  6260.380   36370.8905    0.1
  6260.398   36392.8056    0.1
  6260.415   36445.0776    0.1
  6260.433   36550.2046    0.1
  6260.450   36737.7339    0.1
  6260.467   37017.6481    0.1
  6260.485   37274.0503    0.1
  6260.502   37314.2797    0.1
  6260.520   37306.9921    0.1
  6260.537   37195.9638    0.1
  6260.554   36771.1903    0.1
  6260.572   36244.8982    0.1
  6260.589   35269.6056    0.1
  6260.607   34283.0703    0.1
  6260.624   33115.9497    0.1
  6260.641   31874.6929    0.1
  6260.659   30803.9939    0.1
  6260.676   29652.9000    0.1
  6260.694   28880.0642    0.1
  6260.711   28377.8244    0.1
  6260.728   28597.4465    0.1
  6260.746   29301.2507    0.1
  6260.763   30288.4941    0.1
  6260.781   31482.7070    0.1
  6260.798   32821.1144    0.1
  6260.815   34005.9177    0.1
  6260.833   35020.8790    0.1
  6260.850   35949.2780    0.1
  6260.868   36596.4795    0.1
  6260.885   37026.1575    0.1
  6260.903   37315.6681    0.1
  6260.920   37481.1269    0.1
  6260.937   37582.5908    0.1
  6260.955   37780.0884    0.1
  6260.972   37788.4860    0.1
  6260.990   37591.9120    0.1
  6261.007   37366.5989    0.1
  6261.024   36892.8235    0.1
  6261.042   36351.0858    0.1
  6261.059   35794.6485    0.1
  6261.077   35324.2151    0.1
  6261.094   34943.1569    0.1
  6261.111   34717.3529    0.1
  6261.129   34576.4397    0.1
  6261.146   34474.7574    0.1
  6261.164   34515.0721    0.1
  6261.181   34675.0808    0.1
  6261.198   34969.2157    0.1
  6261.216   35344.4589    0.1
  6261.233   35736.2423    0.1
  6261.251   36057.9797    0.1
  6261.268   36322.1721    0.1
  6261.285   36583.7384    0.1
  6261.303   36764.2675    0.1
  6261.320   36899.6192    0.1
  6261.338   37101.4750    0.1
  6261.355   37435.1743    0.1
  6261.372   37854.6385    0.1
  6261.390   38335.0921    0.1
  6261.407   38810.6274    0.1
  6261.425   39112.9178    0.1
  6261.442   39332.5490    0.1
  6261.459   39213.5141    0.1
  6261.477   38909.3300    0.1
  6261.494   38109.5953    0.1
  6261.512   37387.9471    0.1
  6261.529   36585.0674    0.1
  6261.546   35641.4648    0.1
  6261.564   34771.9325    0.1
  6261.581   34040.0530    0.1
  6261.599   33586.5064    0.1
  6261.616   33351.1312    0.1
  6261.633   33434.9612    0.1
  6261.651   33849.8845    0.1
  6261.668   34413.4064    0.1
  6261.686   35057.2448    0.1
  6261.703   35855.9221    0.1
  6261.720   36585.0038    0.1
  6261.738   37137.4007    0.1
  6261.755   37579.0877    0.1
  6261.773   37837.3626    0.1
  6261.790   37973.2567    0.1
  6261.808   37912.7096    0.1
  6261.825   37644.0113    0.1
  6261.842   37361.4319    0.1
  6261.860   37068.5161    0.1
  6261.877   36632.8263    0.1
  6261.895   36289.1537    0.1
  6261.912   35838.1902    0.1
  6261.929   35333.5591    0.1
  6261.947   34940.9418    0.1
  6261.964   34531.0939    0.1
  6261.982   33986.4318    0.1
  6261.999   33446.8094    0.1
  6262.016   32583.3898    0.1
  6262.034   31671.8937    0.1
  6262.051   30735.1913    0.1
  6262.069   29289.0757    0.1
  6262.086   27666.9666    0.1
  6262.103   25026.4280    0.1
  6262.121   22716.6486    0.1
  6262.138   19926.5341    0.1
  6262.156   17279.7468    0.1
  6262.173   14728.8285    0.1
  6262.190   12179.7678    0.1
  6262.208   10512.8159    0.1
  6262.225   9471.2397    0.1
  6262.243   8794.3040    0.1
  6262.260   8473.2625    0.1
  6262.277   8464.6110    0.1
  6262.295   8702.8680    0.1
  6262.312   8975.8893    0.1
  6262.330   9385.8100    0.1
  6262.347   9866.9371    0.1
  6262.364   10630.2173    0.1
  6262.382   11535.0588    0.1
  6262.399   12616.8582    0.1
  6262.417   14422.2134    0.1
  6262.434   16360.6746    0.1
  6262.451   19538.3617    0.1
  6262.469   22627.6767    0.1
  6262.486   25734.5866    0.1
  6262.504   28657.4377    0.1
  6262.521   31126.7315    0.1
  6262.538   33487.5365    0.1
  6262.556   35243.5236    0.1
  6262.573   36505.9561    0.1
  6262.591   37277.0112    0.1
  6262.608   37750.5588    0.1
  6262.626   37983.9159    0.1
  6262.643   37974.3644    0.1
  6262.660   37910.6918    0.1
  6262.678   37883.7635    0.1
  6262.695   37758.7094    0.1
  6262.713   37615.6231    0.1
  6262.730   37671.7820    0.1
  6262.747   37774.6492    0.1
  6262.765   38000.4421    0.1
  6262.782   38213.3207    0.1
  6262.800   38348.7764    0.1
  6262.817   38273.7280    0.1
  6262.834   38079.3623    0.1
  6262.852   37631.8664    0.1
  6262.869   37106.3759    0.1
  6262.887   36180.2822    0.1
  6262.904   35181.6682    0.1
  6262.921   34339.6539    0.1
  6262.939   33696.9617    0.1
  6262.956   33283.4910    0.1
  6262.974   33178.2855    0.1
  6262.991   33532.3201    0.1
  6263.008   34161.6312    0.1
  6263.026   34884.4408    0.1
  6263.043   35489.3169    0.1
  6263.061   35966.5429    0.1
  6263.078   36172.0028    0.1
  6263.095   36129.4796    0.1
  6263.113   36061.0511    0.1
  6263.130   36111.9123    0.1
  6263.148   35815.8044    0.1
  6263.165   35511.3750    0.1
  6263.182   35178.9610    0.1
  6263.200   34616.5684    0.1
  6263.217   34043.5039    0.1
  6263.235   33246.2505    0.1
  6263.252   32233.8565    0.1
  6263.269   31338.5630    0.1
  6263.287   30446.7245    0.1
  6263.304   29780.9108    0.1
  6263.322   29150.5799    0.1
  6263.339   28607.1704    0.1
  6263.356   28243.2204    0.1
  6263.374   27989.3785    0.1
  6263.391   27797.4552    0.1
  6263.409   27618.4539    0.1
  6263.426   27479.7024    0.1
  6263.443   27407.7424    0.1
  6263.461   27570.5764    0.1
  6263.478   27850.1922    0.1
  6263.496   28316.7303    0.1
  6263.513   29076.9328    0.1
  6263.531   29975.4530    0.1
  6263.548   31087.5516    0.1
  6263.565   32028.5248    0.1
  6263.583   32976.5034    0.1
  6263.600   34049.6627    0.1
  6263.618   35083.2730    0.1
  6263.635   36028.0351    0.1
  6263.652   36577.3044    0.1
  6263.670   37045.1384    0.1
  6263.687   37376.7490    0.1
  6263.705   37635.8524    0.1
  6263.722   37687.6335    0.1
  6263.739   37573.0896    0.1
  6263.757   37421.3373    0.1
  6263.774   37236.7028    0.1
  6263.792   36920.6013    0.1
  6263.809   36580.7078    0.1
  6263.826   36393.6322    0.1
  6263.844   36371.2917    0.1
  6263.861   36446.8396    0.1
  6263.879   36580.6567    0.1
  6263.896   36555.6728    0.1
  6263.913   36548.8803    0.1
  6263.931   36578.0964    0.1
  6263.948   36557.1908    0.1
  6263.966   36501.9602    0.1
  6263.983   36458.4256    0.1
  6264.000   36315.3293    0.1
  6264.018   36187.0357    0.1
  6264.035   35900.8980    0.1
  6264.053   35578.2357    0.1
  6264.070   35317.5042    0.1
  6264.087   35352.1020    0.1
  6264.105   35669.6929    0.1
  6264.122   36308.3001    0.1
  6264.140   36872.3377    0.1
  6264.157   37987.7691    0.1
  6264.174   38792.3410    0.1
  6264.192   39349.0123    0.1
  6264.209   39552.3955    0.1
  6264.227   39347.5970    0.1
  6264.244   39076.8485    0.1
  6264.261   38352.8574    0.1
  6264.279   37470.2031    0.1
  6264.296   36550.8803    0.1
  6264.314   35832.4661    0.1
  6264.331   35143.6104    0.1
  6264.349   34785.9126    0.1
  6264.366   34779.0592    0.1
  6264.383   35216.3908    0.1
  6264.401   35851.6173    0.1
  6264.418   36663.6090    0.1
  6264.436   37657.6344    0.1
  6264.453   38626.3077    0.1
  6264.470   39497.6021    0.1
  6264.488   39951.9017    0.1
  6264.505   40362.7972    0.1
  6264.523   40573.1182    0.1
  6264.540   40814.4634    0.1
  6264.557   40951.5957    0.1
  6264.575   41064.3578    0.1
  6264.592   41167.2388    0.1
  6264.610   41258.2169    0.1
  6264.627   41350.8858    0.1
  6264.644   41479.3335    0.1
  6264.662   41472.2752    0.1
  6264.679   41236.7712    0.1
  6264.697   40832.7253    0.1
  6264.714   40450.8815    0.1
  6264.731   39323.6065    0.1
  6264.749   38110.4715    0.1
  6264.766   36816.5092    0.1
  6264.784   35506.0859    0.1
  6264.801   34488.2216    0.1
  6264.818   33575.6168    0.1
  6264.836   33232.5846    0.1
  6264.853   33210.8840    0.1
  6264.871   33540.4763    0.1
  6264.888   34102.2419    0.1
  6264.905   34778.0285    0.1
  6264.923   35291.5498    0.1
  6264.940   35578.3299    0.1
  6264.958   35808.4824    0.1
  6264.975   35836.3486    0.1
  6264.992   35680.7914    0.1
  6265.010   35485.2527    0.1
  6265.027   35283.3929    0.1
  6265.045   34988.0307    0.1
  6265.062   34780.4117    0.1
  6265.079   34694.7214    0.1
  6265.097   34636.3718    0.1
  6265.114   34611.2593    0.1
  6265.132   34866.3575    0.1
  6265.149   35312.2963    0.1
  6265.166   35992.4537    0.1
  6265.184   36838.9661    0.1
  6265.201   37705.5576    0.1
  6265.219   38749.8110    0.1
  6265.236   39336.1411    0.1
  6265.254   39668.2666    0.1
  6265.271   39724.5658    0.1
  6265.288   39492.1596    0.1
  6265.306   39267.8626    0.1
  6265.323   38999.8114    0.1
  6265.341   38821.3239    0.1
  6265.358   38749.5941    0.1
  6265.375   38730.5077    0.1
  6265.393   38786.4394    0.1
  6265.410   38875.4392    0.1
  6265.428   38917.8827    0.1
  6265.445   38963.8393    0.1
  6265.462   38946.1996    0.1
  6265.480   39013.8256    0.1
  6265.497   39115.6223    0.1
  6265.515   39364.4469    0.1
  6265.532   39740.4364    0.1
  6265.549   40147.0933    0.1
  6265.567   40431.1442    0.1
  6265.584   40484.7478    0.1
  6265.602   40352.0966    0.1
  6265.619   39889.4558    0.1
  6265.636   39185.5090    0.1
  6265.654   38219.4411    0.1
  6265.671   37279.4058    0.1
  6265.689   36245.1568    0.1
  6265.706   35288.4656    0.1
  6265.723   34709.9078    0.1
  6265.741   34451.9060    0.1
  6265.758   34230.4088    0.1
  6265.776   34025.2679    0.1
  6265.793   33526.3937    0.1
  6265.810   32999.7302    0.1
  6265.828   32375.1782    0.1
  6265.845   31596.1811    0.1
  6265.863   30840.0156    0.1
  6265.880   29659.5221    0.1
  6265.897   28440.0864    0.1
  6265.915   27360.5913    0.1
  6265.932   26477.0663    0.1
  6265.950   25941.1124    0.1
  6265.967   26182.7522    0.1
  6265.984   26939.2696    0.1
  6266.002   28011.7671    0.1
  6266.019   29200.7712    0.1
  6266.037   30111.1488    0.1
  6266.054   30719.7102    0.1
  6266.072   30916.0296    0.1
  6266.089   30854.6076    0.1
  6266.106   29971.4329    0.1
  6266.124   28768.5321    0.1
  6266.141   26873.0229    0.1
  6266.159   24256.9042    0.1
  6266.176   21722.8902    0.1
  6266.193   18880.3542    0.1
  6266.211   16317.4875    0.1
  6266.228   13817.1098    0.1
  6266.246   12183.0944    0.1
  6266.263   11081.9612    0.1
  6266.280   10652.4764    0.1
  6266.298   10994.2300    0.1
  6266.315   12162.5520    0.1
  6266.333   13971.4456    0.1
  6266.350   15785.0468    0.1
  6266.367   18740.4887    0.1
  6266.385   21172.9214    0.1
  6266.402   23807.5353    0.1
  6266.420   26178.4567    0.1
  6266.437   27920.2943    0.1
  6266.454   29791.9833    0.1
  6266.472   31163.1257    0.1
  6266.489   32639.5960    0.1
  6266.507   34015.1347    0.1
  6266.524   34966.5931    0.1
  6266.541   35962.2614    0.1
  6266.559   36745.4437    0.1
  6266.576   37300.6075    0.1
  6266.594   37797.8289    0.1
  6266.611   37979.8683    0.1
  6266.628   37886.9043    0.1
  6266.646   37641.0085    0.1
  6266.663   37269.6151    0.1
  6266.681   36857.6495    0.1
  6266.698   36293.1242    0.1
  6266.715   35866.7625    0.1
  6266.733   35687.0783    0.1
  6266.750   35709.5065    0.1
  6266.768   36204.1042    0.1
  6266.785   36725.4178    0.1
  6266.802   37410.6484    0.1
  6266.820   38151.5084    0.1
  6266.837   38827.4249    0.1
  6266.855   39675.5771    0.1
  6266.872   40271.9816    0.1
  6266.890   40779.9432    0.1
  6266.907   41064.0328    0.1
  6266.924   41215.6576    0.1
  6266.942   41201.4440    0.1
  6266.959   40986.9651    0.1
  6266.977   40515.9968    0.1
  6266.994   39774.3076    0.1
  6267.011   38763.6840    0.1
  6267.029   37138.2958    0.1
  6267.046   35106.4976    0.1
  6267.064   33416.9403    0.1
  6267.081   30608.7133    0.1
  6267.098   28328.7962    0.1
  6267.116   26120.7310    0.1
  6267.133   24624.1510    0.1
  6267.151   23973.3290    0.1
  6267.168   24222.1896    0.1
  6267.185   25223.4757    0.1
  6267.203   27005.8365    0.1
  6267.220   28829.3682    0.1
  6267.238   30206.8673    0.1
  6267.255   31292.4040    0.1
  6267.272   31552.1880    0.1
  6267.290   31525.1623    0.1
  6267.307   30492.9497    0.1
  6267.325   29073.6036    0.1
  6267.342   26866.3891    0.1
  6267.359   24086.7590    0.1
  6267.377   21474.2956    0.1
  6267.394   18296.0211    0.1
  6267.412   15940.6318    0.1
  6267.429   14038.7461    0.1
  6267.446   12860.5213    0.1
  6267.464   12431.2586    0.1
  6267.481   12971.2875    0.1
  6267.499   14298.5418    0.1
  6267.516   16432.5979    0.1
  6267.533   19121.9821    0.1
  6267.551   21774.8523    0.1
  6267.568   25698.0941    0.1
  6267.586   28642.1042    0.1
  6267.603   31425.8268    0.1
  6267.620   33776.1301    0.1
  6267.638   35244.5325    0.1
  6267.655   36431.9714    0.1
  6267.673   37047.0357    0.1
  6267.690   37251.7129    0.1
  6267.707   37312.9514    0.1
  6267.725   37253.9180    0.1
  6267.742   37143.6211    0.1
  6267.760   37139.2877    0.1
  6267.777   37301.2422    0.1
  6267.795   37496.9796    0.1
  6267.812   37576.4488    0.1
  6267.829   37476.9196    0.1
  6267.847   37148.0675    0.1
  6267.864   37037.1369    0.1
  6267.882   36360.5997    0.1
  6267.899   35822.5159    0.1
  6267.916   35168.4498    0.1
  6267.934   34695.3830    0.1
  6267.951   34490.9785    0.1
  6267.969   34350.0811    0.1
  6267.986   34412.7117    0.1
  6268.003   34478.4757    0.1
  6268.021   34601.9787    0.1
  6268.038   34701.3062    0.1
  6268.056   34810.4497    0.1
  6268.073   34764.4631    0.1
  6268.090   34643.0229    0.1
  6268.108   34622.4466    0.1
  6268.125   34608.7314    0.1
  6268.143   34516.9367    0.1
  6268.160   34608.7840    0.1
  6268.177   34792.4003    0.1
  6268.195   35131.6229    0.1
  6268.212   35567.8839    0.1
  6268.230   36182.1943    0.1
  6268.247   36930.1036    0.1
  6268.264   37452.5931    0.1
  6268.282   37900.7153    0.1
  6268.299   38218.1852    0.1
  6268.317   38470.5960    0.1
  6268.334   38638.1741    0.1
  6268.351   38653.3694    0.1
  6268.369   38703.6049    0.1
  6268.386   38535.5393    0.1
  6268.404   38301.9868    0.1
  6268.421   38228.5534    0.1
  6268.438   38152.3806    0.1
  6268.456   38086.5925    0.1
  6268.473   38044.4820    0.1
  6268.491   37922.5980    0.1
  6268.508   37507.3865    0.1
  6268.525   37110.3342    0.1
  6268.543   36741.3697    0.1
  6268.560   36467.0922    0.1
  6268.578   36404.8302    0.1
  6268.595   36537.2828    0.1
  6268.613   36811.6700    0.1
  6268.630   37200.9364    0.1
  6268.647   37552.1824    0.1
  6268.665   37699.0213    0.1
  6268.682   37644.0105    0.1
  6268.700   37438.6911    0.1
  6268.717   37164.9830    0.1
  6268.734   36301.8498    0.1
  6268.752   35480.5903    0.1
  6268.769   34634.8750    0.1
  6268.787   33888.5357    0.1
  6268.804   33473.5812    0.1
  6268.821   33235.1961    0.1
  6268.839   33307.6930    0.1
  6268.856   33517.6924    0.1
  6268.874   33843.9545    0.1
  6268.891   34100.9581    0.1
  6268.908   34344.3393    0.1
  6268.926   34524.7971    0.1
  6268.943   34734.1490    0.1
  6268.961   35165.3725    0.1
  6268.978   35641.1400    0.1
  6268.995   36141.9483    0.1
  6269.013   36607.8583    0.1
  6269.030   36973.0906    0.1
  6269.048   37256.0101    0.1
  6269.065   37171.3538    0.1
  6269.082   36776.6951    0.1
  6269.100   36070.9450    0.1
  6269.117   35436.3390    0.1
  6269.135   34842.2272    0.1
  6269.152   34460.3203    0.1
  6269.169   34189.6041    0.1
  6269.187   34103.4867    0.1
  6269.204   34127.1706    0.1
  6269.222   34096.2087    0.1
  6269.239   33893.1848    0.1
  6269.256   33603.6098    0.1
  6269.274   33182.0966    0.1
  6269.291   32931.0487    0.1
  6269.309   32793.8242    0.1
  6269.326   32851.7481    0.1
  6269.343   32901.9551    0.1
  6269.361   33117.4695    0.1
  6269.378   33042.3020    0.1
  6269.396   32979.7232    0.1
  6269.413   33083.1217    0.1
  6269.430   33116.9768    0.1
  6269.448   33265.7188    0.1
  6269.465   33275.2568    0.1
  6269.483   33213.5907    0.1
  6269.500   33317.8524    0.1
  6269.518   33087.0557    0.1
  6269.535   32524.2651    0.1
  6269.552   31287.3506    0.1
  6269.570   29943.4837    0.1
  6269.587   27779.5298    0.1
  6269.605   25462.9084    0.1
  6269.622   23272.2285    0.1
  6269.639   21188.2466    0.1
  6269.657   20102.1700    0.1
  6269.674   19781.6748    0.1
  6269.692   20466.3695    0.1
  6269.709   21602.9151    0.1
  6269.726   23598.7399    0.1
  6269.744   25253.9261    0.1
  6269.761   26473.4108    0.1
  6269.779   27073.6549    0.1
  6269.796   26806.1543    0.1
  6269.813   25475.0114    0.1
  6269.831   23628.4774    0.1
  6269.848   21597.6463    0.1
  6269.866   18345.4477    0.1
  6269.883   16419.4869    0.1
  6269.900   14174.7007    0.1
  6269.918   12724.8721    0.1
  6269.935   11913.2936    0.1
  6269.953   11275.5876    0.1
  6269.970   11209.6628    0.1
