#  wavelength    Flux         Std.Dev.
#  [Angstroem]   [F(5500)]    [N/A]

  6150.013   60882.5636    0.1
  6150.031   60228.7750    0.1
  6150.048   59680.2692    0.1
  6150.066   59000.7495    0.1
  6150.083   58428.1931    0.1
  6150.100   57904.9613    0.1
  6150.118   57511.4351    0.1
  6150.135   57383.9559    0.1
  6150.153   56992.5675    0.1
  6150.170   56739.3161    0.1
  6150.188   56678.1942    0.1
  6150.205   56500.6096    0.1
  6150.222   56104.1636    0.1
  6150.240   55717.1312    0.1
  6150.257   55610.1552    0.1
  6150.275   54799.4110    0.1
  6150.292   54174.3763    0.1
  6150.309   53116.9588    0.1
  6150.327   52180.3855    0.1
  6150.344   50982.7321    0.1
  6150.362   49460.7857    0.1
  6150.379   48302.2583    0.1
  6150.396   46811.4723    0.1
  6150.414   45438.0890    0.1
  6150.431   44501.8568    0.1
  6150.449   43321.3690    0.1
  6150.466   42611.4769    0.1
  6150.484   42276.0258    0.1
  6150.501   41657.9034    0.1
  6150.518   41410.4932    0.1
  6150.536   41292.7969    0.1
  6150.553   41539.0740    0.1
  6150.571   42048.6896    0.1
  6150.588   42565.5055    0.1
  6150.605   43444.7660    0.1
  6150.623   44228.8153    0.1
  6150.640   45269.4421    0.1
  6150.658   46700.2353    0.1
  6150.675   47832.1126    0.1
  6150.692   49558.5066    0.1
  6150.710   51506.8121    0.1
  6150.727   52831.4887    0.1
  6150.745   55273.1996    0.1
  6150.762   57531.7325    0.1
  6150.780   59240.0034    0.1
  6150.797   61817.1989    0.1
  6150.814   64021.4962    0.1
  6150.832   65637.0960    0.1
  6150.849   67926.7308    0.1
  6150.867   69889.0994    0.1
  6150.884   71488.9753    0.1
  6150.901   73078.8001    0.1
  6150.919   74195.2031    0.1
  6150.936   75253.5688    0.1
  6150.954   76204.3984    0.1
  6150.971   76980.3259    0.1
  6150.988   78021.1392    0.1
  6151.006   78942.6870    0.1
  6151.023   79449.1356    0.1
  6151.041   80171.3592    0.1
  6151.058   80666.3054    0.1
  6151.076   81020.9591    0.1
  6151.093   81599.2914    0.1
  6151.110   81964.2671    0.1
  6151.128   82019.9910    0.1
  6151.145   82283.9233    0.1
  6151.163   82467.7255    0.1
  6151.180   82116.2585    0.1
  6151.197   82451.5564    0.1
  6151.215   82973.8740    0.1
  6151.232   83158.1530    0.1
  6151.250   83468.9753    0.1
  6151.267   83112.0893    0.1
  6151.284   83576.8026    0.1
  6151.302   83894.9110    0.1
  6151.319   84070.8808    0.1
  6151.337   84103.4169    0.1
  6151.354   84136.1406    0.1
  6151.372   84226.0359    0.1
  6151.389   84150.6789    0.1
  6151.406   83796.3227    0.1
  6151.424   83565.0163    0.1
  6151.441   83208.3502    0.1
  6151.459   82644.5311    0.1
  6151.476   82571.5643    0.1
  6151.493   81948.8688    0.1
  6151.511   81242.8455    0.1
  6151.528   80843.8893    0.1
  6151.546   80413.4477    0.1
  6151.563   80052.8673    0.1
  6151.580   79837.2479    0.1
  6151.598   79575.4614    0.1
  6151.615   79247.7928    0.1
  6151.633   78769.5181    0.1
  6151.650   78131.3176    0.1
  6151.667   77592.8824    0.1
  6151.685   76325.7488    0.1
  6151.702   75105.2929    0.1
  6151.720   74009.4829    0.1
  6151.737   72318.0825    0.1
  6151.755   70649.0199    0.1
  6151.772   69054.2109    0.1
  6151.789   66535.3074    0.1
  6151.807   64610.5660    0.1
  6151.824   61990.7621    0.1
  6151.842   59583.3292    0.1
  6151.859   57771.3903    0.1
  6151.876   55551.4694    0.1
  6151.894   53160.3437    0.1
  6151.911   51627.9701    0.1
  6151.929   49805.2364    0.1
  6151.946   48760.7754    0.1
  6151.963   47692.1264    0.1
  6151.981   46741.0541    0.1
  6151.998   46177.8050    0.1
  6152.016   46010.4622    0.1
  6152.033   46122.3720    0.1
  6152.051   46478.4776    0.1
  6152.068   47319.7123    0.1
  6152.085   48342.1615    0.1
  6152.103   49231.1735    0.1
  6152.120   50748.7796    0.1
  6152.138   52437.8862    0.1
  6152.155   53721.2388    0.1
  6152.172   55949.3670    0.1
  6152.190   58128.1385    0.1
  6152.207   59813.3396    0.1
  6152.225   62135.7633    0.1
  6152.242   64265.6117    0.1
  6152.259   65902.3160    0.1
  6152.277   68475.3738    0.1
  6152.294   70486.6149    0.1
  6152.312   72120.0525    0.1
  6152.329   73908.7586    0.1
  6152.347   75108.8719    0.1
  6152.364   76213.4658    0.1
  6152.381   77576.0692    0.1
  6152.399   78557.7451    0.1
  6152.416   79200.0319    0.1
  6152.434   79915.9748    0.1
  6152.451   80444.0078    0.1
  6152.468   81067.6945    0.1
  6152.486   81655.7637    0.1
  6152.503   82080.4801    0.1
  6152.521   82908.9863    0.1
  6152.538   83350.5509    0.1
  6152.555   83090.1613    0.1
  6152.573   83993.6634    0.1
  6152.590   84462.4582    0.1
  6152.608   84519.1009    0.1
  6152.625   84791.4655    0.1
  6152.643   84770.2174    0.1
  6152.660   84529.3411    0.1
  6152.677   84265.6549    0.1
  6152.695   83951.8629    0.1
  6152.712   83419.9463    0.1
  6152.730   82660.9764    0.1
  6152.747   82077.5320    0.1
  6152.764   81125.8737    0.1
  6152.782   80279.5962    0.1
  6152.799   79842.8252    0.1
  6152.817   79147.5177    0.1
  6152.834   79080.8667    0.1
  6152.851   78979.6795    0.1
  6152.869   78834.2384    0.1
  6152.886   79119.1561    0.1
  6152.904   79357.2390    0.1
  6152.921   80086.2338    0.1
  6152.939   80667.0515    0.1
  6152.956   81088.6154    0.1
  6152.973   81350.8344    0.1
  6152.991   81546.4731    0.1
  6153.008   81818.3663    0.1
  6153.026   82478.6777    0.1
  6153.043   82866.3905    0.1
  6153.060   82981.5892    0.1
  6153.078   82704.0449    0.1
  6153.095   82551.8126    0.1
  6153.113   82338.6406    0.1
  6153.130   82258.0431    0.1
  6153.147   82104.4497    0.1
  6153.165   81720.2766    0.1
  6153.182   81569.9627    0.1
  6153.200   81808.7179    0.1
  6153.217   81682.3389    0.1
  6153.235   81889.3593    0.1
  6153.252   82191.6781    0.1
  6153.269   82750.9074    0.1
  6153.287   83228.1201    0.1
  6153.304   83114.8446    0.1
  6153.322   84101.2579    0.1
  6153.339   84753.5604    0.1
  6153.356   84865.2655    0.1
  6153.374   85270.9286    0.1
  6153.391   85548.2628    0.1
  6153.409   86188.6725    0.1
  6153.426   86238.6246    0.1
  6153.443   86033.2160    0.1
  6153.461   86072.6777    0.1
  6153.478   86085.2837    0.1
  6153.496   86068.6867    0.1
  6153.513   85812.8324    0.1
  6153.531   85356.3964    0.1
  6153.548   85176.1282    0.1
  6153.565   84746.9286    0.1
  6153.583   84374.2209    0.1
  6153.600   84335.2462    0.1
  6153.618   83423.8664    0.1
  6153.635   83256.6998    0.1
  6153.652   83421.6002    0.1
  6153.670   83837.9191    0.1
  6153.687   83733.4317    0.1
  6153.705   83565.2954    0.1
  6153.722   83919.3313    0.1
  6153.739   84108.3076    0.1
  6153.757   84258.9615    0.1
  6153.774   84221.8921    0.1
  6153.792   84168.0264    0.1
  6153.809   84056.0002    0.1
  6153.826   83911.0676    0.1
  6153.844   83905.6640    0.1
  6153.861   83919.5853    0.1
  6153.879   83678.3906    0.1
  6153.896   83231.1542    0.1
  6153.914   83111.0874    0.1
  6153.931   82913.3776    0.1
  6153.948   82500.3507    0.1
  6153.966   82293.0364    0.1
  6153.983   81849.0039    0.1
  6154.001   81547.3162    0.1
  6154.018   81143.4405    0.1
  6154.035   80741.3957    0.1
  6154.053   80353.8176    0.1
  6154.070   80141.4191    0.1
  6154.088   80485.3178    0.1
  6154.105   80252.9033    0.1
  6154.122   80001.6676    0.1
  6154.140   79830.1540    0.1
  6154.157   79786.5199    0.1
  6154.175   79816.5105    0.1
  6154.192   79809.6876    0.1
  6154.210   79046.2673    0.1
  6154.227   78839.5476    0.1
  6154.244   78673.2954    0.1
  6154.262   78423.0124    0.1
  6154.279   77561.7601    0.1
  6154.297   76551.7510    0.1
  6154.314   75873.5962    0.1
  6154.331   74773.2188    0.1
  6154.349   73656.7217    0.1
  6154.366   72242.7770    0.1
  6154.384   70794.5940    0.1
  6154.401   69635.6953    0.1
  6154.418   67773.7655    0.1
  6154.436   65944.6255    0.1
  6154.453   64936.5528    0.1
  6154.471   62972.3693    0.1
  6154.488   61244.8375    0.1
  6154.506   59785.7612    0.1
  6154.523   57888.4529    0.1
  6154.540   56562.0801    0.1
  6154.558   55640.4983    0.1
  6154.575   54421.5754    0.1
  6154.593   53484.5437    0.1
  6154.610   52971.5335    0.1
  6154.627   52828.7841    0.1
  6154.645   52845.6363    0.1
  6154.662   53258.8193    0.1
  6154.680   53747.9291    0.1
  6154.697   54433.9269    0.1
  6154.714   55404.3254    0.1
  6154.732   56726.0766    0.1
  6154.749   57761.4304    0.1
  6154.767   59140.3782    0.1
  6154.784   60516.9243    0.1
  6154.802   61494.7670    0.1
  6154.819   62846.6552    0.1
  6154.836   64115.5525    0.1
  6154.854   64859.8429    0.1
  6154.871   66168.7540    0.1
  6154.889   67532.9194    0.1
  6154.906   68317.6138    0.1
  6154.923   69470.9282    0.1
  6154.941   70400.5621    0.1
  6154.958   70849.2338    0.1
  6154.976   71829.5654    0.1
  6154.993   72542.9540    0.1
  6155.010   73001.8401    0.1
  6155.028   73604.6604    0.1
  6155.045   74053.7068    0.1
  6155.063   74345.7567    0.1
  6155.080   74603.0382    0.1
  6155.098   74808.9636    0.1
  6155.115   74732.9563    0.1
  6155.132   74826.8739    0.1
  6155.150   74762.3524    0.1
  6155.167   74644.2918    0.1
  6155.185   74474.7307    0.1
  6155.202   74371.4532    0.1
  6155.219   74062.6503    0.1
  6155.237   73796.9539    0.1
  6155.254   73517.7167    0.1
  6155.272   72927.7822    0.1
  6155.289   72475.8769    0.1
  6155.306   72032.0462    0.1
  6155.324   71380.3040    0.1
  6155.341   70828.4479    0.1
  6155.359   70375.8375    0.1
  6155.376   69512.7771    0.1
  6155.394   68869.0908    0.1
  6155.411   68528.1238    0.1
  6155.428   67720.7900    0.1
  6155.446   67176.5670    0.1
  6155.463   67095.1125    0.1
  6155.481   66481.1020    0.1
  6155.498   66261.3322    0.1
  6155.515   66092.2489    0.1
  6155.533   66024.6904    0.1
  6155.550   66168.6147    0.1
  6155.568   66279.0919    0.1
  6155.585   66566.1863    0.1
  6155.602   66847.0660    0.1
  6155.620   66918.4557    0.1
  6155.637   67633.2369    0.1
  6155.655   68072.9218    0.1
  6155.672   68445.0727    0.1
  6155.689   68888.1462    0.1
  6155.707   69165.3850    0.1
  6155.724   69967.8723    0.1
  6155.742   70653.3895    0.1
  6155.759   71193.3363    0.1
  6155.777   71871.3460    0.1
  6155.794   72414.5983    0.1
  6155.811   72816.6894    0.1
  6155.829   73687.4315    0.1
  6155.846   74255.2857    0.1
  6155.864   74201.4513    0.1
  6155.881   74878.3390    0.1
  6155.898   75522.5130    0.1
  6155.916   75414.9948    0.1
  6155.933   75770.9579    0.1
  6155.951   76052.3143    0.1
  6155.968   76228.5007    0.1
  6155.985   76344.2318    0.1
  6156.003   76429.8514    0.1
  6156.020   76517.0784    0.1
  6156.038   76335.8923    0.1
  6156.055   76188.8904    0.1
  6156.073   76430.6964    0.1
  6156.090   75866.3803    0.1
  6156.107   75572.5165    0.1
  6156.125   75458.6443    0.1
  6156.142   75401.8598    0.1
  6156.160   74833.0541    0.1
  6156.177   74257.4396    0.1
  6156.194   73558.2341    0.1
  6156.212   72610.3246    0.1
  6156.229   71930.6620    0.1
  6156.247   71079.9733    0.1
  6156.264   70081.4310    0.1
  6156.281   69139.1685    0.1
  6156.299   68019.2447    0.1
  6156.316   67088.2204    0.1
  6156.334   66255.0179    0.1
  6156.351   65381.7233    0.1
  6156.369   64633.5675    0.1
  6156.386   64316.7501    0.1
  6156.403   64182.8423    0.1
  6156.421   64352.2117    0.1
  6156.438   64881.0865    0.1
  6156.456   65373.1213    0.1
  6156.473   65810.1444    0.1
  6156.490   66609.9615    0.1
  6156.508   67599.4559    0.1
  6156.525   68428.9357    0.1
  6156.543   69359.4708    0.1
  6156.560   70225.7073    0.1
  6156.577   70709.1948    0.1
  6156.595   71178.5693    0.1
  6156.612   71707.9489    0.1
  6156.630   72114.9351    0.1
  6156.647   72290.9256    0.1
  6156.665   72408.3873    0.1
  6156.682   72530.3068    0.1
  6156.699   72531.4946    0.1
  6156.717   72168.3540    0.1
  6156.734   72189.4727    0.1
  6156.752   72109.9900    0.1
  6156.769   72048.0862    0.1
  6156.786   72300.0704    0.1
  6156.804   72430.1390    0.1
  6156.821   72146.5296    0.1
  6156.839   72353.2894    0.1
  6156.856   72403.4226    0.1
  6156.873   72495.9277    0.1
  6156.891   72339.1320    0.1
  6156.908   72579.4428    0.1
  6156.926   72712.6754    0.1
  6156.943   73440.3491    0.1
  6156.961   73718.8673    0.1
  6156.978   73873.8194    0.1
  6156.995   74187.0204    0.1
  6157.013   74842.8301    0.1
  6157.030   75087.3461    0.1
  6157.048   75249.7045    0.1
  6157.065   75632.4803    0.1
  6157.082   75935.3140    0.1
  6157.100   76060.6664    0.1
  6157.117   76457.6461    0.1
  6157.135   76774.7799    0.1
  6157.152   77090.9072    0.1
  6157.169   77348.5257    0.1
  6157.187   77573.4743    0.1
  6157.204   77729.9706    0.1
  6157.222   78084.9829    0.1
  6157.239   78213.5326    0.1
  6157.257   78237.0776    0.1
  6157.274   78397.1011    0.1
  6157.291   78769.9745    0.1
  6157.309   78682.7262    0.1
  6157.326   78486.3876    0.1
  6157.344   78578.2425    0.1
  6157.361   78561.2144    0.1
  6157.378   78406.9888    0.1
  6157.396   78163.6066    0.1
  6157.413   78156.5613    0.1
  6157.431   78107.5545    0.1
  6157.448   78117.2099    0.1
  6157.465   77636.0440    0.1
  6157.483   77715.9384    0.1
  6157.500   77763.5435    0.1
  6157.518   77710.7925    0.1
  6157.535   77559.9563    0.1
  6157.552   77718.1695    0.1
  6157.570   77466.7233    0.1
  6157.587   77287.8172    0.1
  6157.605   77115.5064    0.1
  6157.622   76636.3969    0.1
  6157.640   76255.4751    0.1
  6157.657   75726.4360    0.1
  6157.674   74946.8445    0.1
  6157.692   73992.2644    0.1
  6157.709   73246.4429    0.1
  6157.727   72269.9377    0.1
  6157.744   71066.5367    0.1
  6157.761   70696.4929    0.1
  6157.779   69631.8110    0.1
  6157.796   68705.2699    0.1
  6157.814   67951.1454    0.1
  6157.831   67116.2848    0.1
  6157.848   66390.4241    0.1
  6157.866   65844.0260    0.1
  6157.883   64857.7435    0.1
  6157.901   63730.7447    0.1
  6157.918   62994.0372    0.1
  6157.936   61817.6657    0.1
  6157.953   60833.5934    0.1
  6157.970   60215.3741    0.1
  6157.988   58972.8997    0.1
  6158.005   57935.6526    0.1
  6158.023   56989.4508    0.1
  6158.040   55978.8832    0.1
  6158.057   55201.7245    0.1
  6158.075   54696.0829    0.1
  6158.092   53983.5878    0.1
  6158.110   53453.8020    0.1
  6158.127   53137.9140    0.1
  6158.144   52782.6614    0.1
  6158.162   52671.5729    0.1
  6158.179   52747.5336    0.1
  6158.197   53516.2881    0.1
  6158.214   54063.2877    0.1
  6158.232   54658.1653    0.1
  6158.249   55468.6559    0.1
  6158.266   56399.1835    0.1
  6158.284   57202.4645    0.1
  6158.301   58711.9018    0.1
  6158.319   60034.1189    0.1
  6158.336   61278.6844    0.1
  6158.353   62783.3022    0.1
  6158.371   64012.1209    0.1
  6158.388   64939.9751    0.1
  6158.406   66323.7667    0.1
  6158.423   67514.3178    0.1
  6158.440   68420.0654    0.1
  6158.458   69253.9514    0.1
  6158.475   69927.4797    0.1
  6158.493   70769.5776    0.1
  6158.510   70877.4775    0.1
  6158.528   71386.9976    0.1
  6158.545   71331.3574    0.1
  6158.562   71380.8787    0.1
  6158.580   71229.8562    0.1
  6158.597   71117.0529    0.1
  6158.615   70710.0626    0.1
  6158.632   70310.8140    0.1
  6158.649   69811.7699    0.1
  6158.667   69186.5127    0.1
  6158.684   68710.8877    0.1
  6158.702   68217.4124    0.1
  6158.719   67343.9479    0.1
  6158.736   66500.2344    0.1
  6158.754   65712.4414    0.1
  6158.771   64679.6256    0.1
  6158.789   63824.5206    0.1
  6158.806   62968.8104    0.1
  6158.824   62046.6090    0.1
  6158.841   61197.2179    0.1
  6158.858   60488.4249    0.1
  6158.876   59796.0791    0.1
  6158.893   59240.9208    0.1
  6158.911   58665.1367    0.1
  6158.928   58186.8012    0.1
  6158.945   57756.2240    0.1
  6158.963   57615.6366    0.1
  6158.980   57311.2905    0.1
  6158.998   57088.8177    0.1
  6159.015   56866.1762    0.1
  6159.032   56908.4674    0.1
  6159.050   56875.2322    0.1
  6159.067   56864.3333    0.1
  6159.085   56745.6932    0.1
  6159.102   56690.4990    0.1
  6159.120   56964.3966    0.1
  6159.137   56958.8784    0.1
  6159.154   56702.7563    0.1
  6159.172   56609.5281    0.1
  6159.189   56569.0637    0.1
  6159.207   56451.9889    0.1
  6159.224   56227.7272    0.1
  6159.241   55944.0253    0.1
  6159.259   55718.5580    0.1
  6159.276   55310.3467    0.1
  6159.294   55040.6372    0.1
  6159.311   54723.1528    0.1
  6159.328   54300.3166    0.1
  6159.346   53979.3611    0.1
  6159.363   53889.7008    0.1
  6159.381   53411.0965    0.1
  6159.398   53073.1159    0.1
  6159.416   52810.9192    0.1
  6159.433   52549.7197    0.1
  6159.450   52299.2041    0.1
  6159.468   52199.4562    0.1
  6159.485   52178.7103    0.1
  6159.503   52197.6334    0.1
  6159.520   52134.8254    0.1
  6159.537   52215.4655    0.1
  6159.555   52300.4216    0.1
  6159.572   52327.1633    0.1
  6159.590   52237.5598    0.1
  6159.607   52210.1548    0.1
  6159.624   52264.4079    0.1
  6159.642   52089.4736    0.1
  6159.659   52126.1645    0.1
  6159.677   52326.1260    0.1
  6159.694   52485.8517    0.1
  6159.711   52616.2906    0.1
  6159.729   52686.3953    0.1
  6159.746   52615.9672    0.1
  6159.764   52998.0266    0.1
  6159.781   53314.9112    0.1
  6159.799   53582.4774    0.1
  6159.816   54094.5057    0.1
  6159.833   54311.7282    0.1
  6159.851   54756.5748    0.1
  6159.868   55222.4487    0.1
  6159.886   55761.8453    0.1
  6159.903   56390.7914    0.1
  6159.920   57071.4326    0.1
  6159.938   57692.8313    0.1
  6159.955   58261.2558    0.1
  6159.973   58823.5111    0.1
  6159.990   59116.2450    0.1
  6160.007   59637.6767    0.1
  6160.025   60117.0669    0.1
  6160.042   60141.0572    0.1
  6160.060   60521.4837    0.1
  6160.077   61102.7852    0.1
  6160.095   61440.9547    0.1
  6160.112   61676.3336    0.1
  6160.129   61976.9828    0.1
  6160.147   62134.3598    0.1
  6160.164   62349.2722    0.1
  6160.182   62720.2019    0.1
  6160.199   62975.1900    0.1
  6160.216   63046.6261    0.1
  6160.234   62840.6856    0.1
  6160.251   63261.9815    0.1
  6160.269   63188.2269    0.1
  6160.286   62816.4923    0.1
  6160.303   62850.6885    0.1
  6160.321   62848.7676    0.1
  6160.338   62649.6609    0.1
  6160.356   62316.0065    0.1
  6160.373   62237.2031    0.1
  6160.391   61710.6336    0.1
  6160.408   61571.4769    0.1
  6160.425   61402.7069    0.1
  6160.443   61148.8637    0.1
  6160.460   60932.5011    0.1
  6160.478   60748.9797    0.1
  6160.495   60485.9483    0.1
  6160.512   60246.5559    0.1
  6160.530   60051.9250    0.1
  6160.547   59821.1244    0.1
  6160.565   59558.8338    0.1
  6160.582   59291.9692    0.1
  6160.599   59279.7972    0.1
  6160.617   59258.8714    0.1
  6160.634   59205.2933    0.1
  6160.652   59287.9979    0.1
  6160.669   59832.2196    0.1
  6160.687   59879.4087    0.1
  6160.704   60041.9009    0.1
  6160.721   60265.7083    0.1
  6160.739   60329.4112    0.1
  6160.756   60547.8582    0.1
  6160.774   60565.7219    0.1
  6160.791   60558.1860    0.1
  6160.808   60580.9493    0.1
  6160.826   60388.8028    0.1
  6160.843   60213.8671    0.1
  6160.861   59501.1214    0.1
  6160.878   58564.3802    0.1
  6160.895   57885.8836    0.1
  6160.913   56892.1099    0.1
  6160.930   55861.3178    0.1
  6160.948   54973.3897    0.1
  6160.965   53803.2242    0.1
  6160.983   52438.8970    0.1
  6161.000   51382.9028    0.1
  6161.017   49951.4513    0.1
  6161.035   48856.1014    0.1
  6161.052   47929.4605    0.1
  6161.070   46918.9673    0.1
  6161.087   46075.1769    0.1
  6161.104   45595.8387    0.1
  6161.122   44969.9208    0.1
  6161.139   44747.8485    0.1
  6161.157   44706.1938    0.1
  6161.174   44548.7852    0.1
  6161.191   44712.2896    0.1
  6161.209   45081.9629    0.1
  6161.226   45596.0250    0.1
  6161.244   46301.9665    0.1
  6161.261   46914.8101    0.1
  6161.279   47699.0627    0.1
  6161.296   48539.3477    0.1
  6161.313   49178.1521    0.1
  6161.331   49877.4002    0.1
  6161.348   50272.7127    0.1
  6161.366   50899.3603    0.1
  6161.383   51554.8091    0.1
  6161.400   51835.1353    0.1
  6161.418   52007.2629    0.1
  6161.435   51906.1809    0.1
  6161.453   51592.8707    0.1
  6161.470   51114.0141    0.1
  6161.487   50625.7726    0.1
  6161.505   49868.2957    0.1
  6161.522   49204.0753    0.1
  6161.540   48508.6519    0.1
  6161.557   47652.1419    0.1
  6161.574   46950.4004    0.1
  6161.592   46647.0897    0.1
  6161.609   45985.7304    0.1
  6161.627   45528.1187    0.1
  6161.644   45225.3528    0.1
  6161.662   44968.1045    0.1
  6161.679   44870.8815    0.1
  6161.696   44877.0517    0.1
  6161.714   44831.9434    0.1
  6161.731   44923.6807    0.1
  6161.749   45190.4771    0.1
  6161.766   45690.9170    0.1
  6161.783   46121.0368    0.1
  6161.801   46456.1721    0.1
  6161.818   46897.9491    0.1
  6161.836   47435.2862    0.1
  6161.853   48113.0417    0.1
  6161.870   48634.1964    0.1
  6161.888   49062.9637    0.1
  6161.905   49430.6826    0.1
  6161.923   50286.9044    0.1
  6161.940   50775.9201    0.1
  6161.958   51029.1849    0.1
  6161.975   51417.3271    0.1
  6161.992   51641.6561    0.1
  6162.010   51724.2916    0.1
  6162.027   51573.6491    0.1
  6162.045   51507.0192    0.1
  6162.062   51383.9896    0.1
  6162.079   51052.0790    0.1
  6162.097   50701.7068    0.1
  6162.114   50409.6695    0.1
  6162.132   49797.8796    0.1
  6162.149   49128.3471    0.1
  6162.166   48228.3532    0.1
  6162.184   47440.4146    0.1
  6162.201   46547.5985    0.1
  6162.219   45745.1626    0.1
  6162.236   44735.0589    0.1
  6162.254   43419.7884    0.1
  6162.271   42291.7835    0.1
  6162.288   41213.1631    0.1
  6162.306   39840.9255    0.1
  6162.323   38771.8534    0.1
  6162.341   37708.6164    0.1
  6162.358   36585.9288    0.1
  6162.375   35758.2500    0.1
  6162.393   34999.9078    0.1
  6162.410   34113.1067    0.1
  6162.428   33521.7825    0.1
  6162.445   33029.9260    0.1
  6162.462   32469.1078    0.1
  6162.480   32026.6112    0.1
  6162.497   31860.9860    0.1
  6162.515   31637.7894    0.1
  6162.532   31541.7660    0.1
  6162.550   31568.9173    0.1
  6162.567   31628.2934    0.1
  6162.584   31774.5210    0.1
  6162.602   31890.1575    0.1
  6162.619   32186.2122    0.1
  6162.637   32515.6248    0.1
  6162.654   32799.8918    0.1
  6162.671   33224.9590    0.1
  6162.689   33648.4936    0.1
  6162.706   34153.8507    0.1
  6162.724   34778.9084    0.1
  6162.741   35449.8484    0.1
  6162.758   35969.6309    0.1
  6162.776   36826.5084    0.1
  6162.793   37729.1710    0.1
  6162.811   38443.2517    0.1
  6162.828   39415.1274    0.1
  6162.846   40358.4014    0.1
  6162.863   41176.3801    0.1
  6162.880   42242.4390    0.1
  6162.898   43623.4927    0.1
  6162.915   44677.1346    0.1
  6162.933   45764.8383    0.1
  6162.950   47051.4647    0.1
  6162.967   48077.8386    0.1
  6162.985   48926.4285    0.1
  6163.002   50195.5798    0.1
  6163.020   51161.4668    0.1
  6163.037   51953.8683    0.1
  6163.054   52638.4907    0.1
  6163.072   53493.7714    0.1
  6163.089   54063.1673    0.1
  6163.107   54581.1038    0.1
  6163.124   55015.3463    0.1
  6163.142   55276.2094    0.1
  6163.159   55610.0475    0.1
  6163.176   55767.2567    0.1
  6163.194   55774.6358    0.1
  6163.211   56082.9091    0.1
  6163.229   56222.4742    0.1
  6163.246   56266.3849    0.1
  6163.263   56406.0786    0.1
  6163.281   56625.8086    0.1
  6163.298   56924.5922    0.1
  6163.316   57075.7308    0.1
  6163.333   57047.4346    0.1
  6163.350   57140.4492    0.1
  6163.368   57397.6592    0.1
  6163.385   57661.6436    0.1
  6163.403   57810.8783    0.1
  6163.420   58045.3789    0.1
  6163.438   58067.0022    0.1
  6163.455   58021.0046    0.1
  6163.472   57904.8650    0.1
  6163.490   58094.9935    0.1
  6163.507   58376.6402    0.1
  6163.525   58489.0963    0.1
  6163.542   58457.9260    0.1
  6163.559   58356.8257    0.1
  6163.577   57870.8638    0.1
  6163.594   57342.7190    0.1
  6163.612   56846.7604    0.1
  6163.629   56259.6962    0.1
  6163.646   55362.9280    0.1
  6163.664   54462.2913    0.1
  6163.681   53745.0469    0.1
  6163.699   52550.3872    0.1
  6163.716   51452.1391    0.1
  6163.733   50567.1076    0.1
  6163.751   49442.3355    0.1
  6163.768   48301.7842    0.1
  6163.786   47304.6006    0.1
  6163.803   46503.1707    0.1
  6163.821   45360.8413    0.1
  6163.838   44722.9151    0.1
  6163.855   43998.8838    0.1
  6163.873   43299.8975    0.1
  6163.890   42721.8336    0.1
  6163.908   42222.8396    0.1
  6163.925   41860.4378    0.1
  6163.942   41601.7424    0.1
  6163.960   41316.4012    0.1
  6163.977   41101.4050    0.1
  6163.995   41135.7669    0.1
  6164.012   41123.4354    0.1
  6164.029   41090.4367    0.1
  6164.047   40997.6227    0.1
  6164.064   41206.2828    0.1
  6164.082   41388.8017    0.1
  6164.099   41630.5179    0.1
  6164.117   41899.5609    0.1
  6164.134   42123.9404    0.1
  6164.151   42474.3191    0.1
  6164.169   42865.0948    0.1
  6164.186   43498.8734    0.1
  6164.204   44265.5355    0.1
  6164.221   44816.7960    0.1
  6164.238   45824.6326    0.1
  6164.256   46702.4853    0.1
  6164.273   47560.2317    0.1
  6164.291   48495.3220    0.1
  6164.308   49622.0731    0.1
  6164.325   50538.0015    0.1
  6164.343   51533.4935    0.1
  6164.360   52533.4220    0.1
  6164.378   53286.3866    0.1
  6164.395   54082.5485    0.1
  6164.413   54572.0708    0.1
  6164.430   55001.2923    0.1
  6164.447   55834.1604    0.1
  6164.465   56379.3663    0.1
  6164.482   56291.4565    0.1
  6164.500   56706.7458    0.1
  6164.517   56869.2754    0.1
  6164.534   56905.9323    0.1
  6164.552   56986.0494    0.1
  6164.569   57019.8948    0.1
  6164.587   57224.3004    0.1
  6164.604   57317.8496    0.1
  6164.621   57326.1194    0.1
  6164.639   57455.6170    0.1
  6164.656   57574.0205    0.1
  6164.674   57814.5583    0.1
  6164.691   58118.0091    0.1
  6164.709   58290.5496    0.1
  6164.726   58608.0214    0.1
  6164.743   58923.0146    0.1
  6164.761   59161.1159    0.1
  6164.778   59436.9237    0.1
  6164.796   59678.9237    0.1
  6164.813   59831.7654    0.1
  6164.830   59683.0074    0.1
  6164.848   59992.6184    0.1
  6164.865   59775.4668    0.1
  6164.883   59670.0157    0.1
  6164.900   59375.4632    0.1
  6164.917   59294.5718    0.1
  6164.935   59227.1515    0.1
  6164.952   58820.6074    0.1
  6164.970   58464.6825    0.1
  6164.987   58212.7664    0.1
  6165.005   57842.9347    0.1
  6165.022   57866.9376    0.1
  6165.039   57919.2540    0.1
  6165.057   57677.4651    0.1
  6165.074   57430.4868    0.1
  6165.092   57603.6494    0.1
  6165.109   57883.9043    0.1
  6165.126   57949.1826    0.1
  6165.144   57917.8506    0.1
  6165.161   58247.9298    0.1
  6165.179   58592.1455    0.1
  6165.196   58789.0865    0.1
  6165.213   59056.4447    0.1
  6165.231   59424.2864    0.1
  6165.248   59600.8773    0.1
  6165.266   59657.3781    0.1
  6165.283   59828.0412    0.1
  6165.301   60226.3264    0.1
  6165.318   60215.7101    0.1
  6165.335   60381.4967    0.1
  6165.353   60088.4319    0.1
  6165.370   60120.6692    0.1
  6165.388   60045.1238    0.1
  6165.405   59755.6616    0.1
  6165.422   59452.5418    0.1
  6165.440   59189.8473    0.1
  6165.457   58456.8471    0.1
  6165.475   57950.9359    0.1
  6165.492   57703.3298    0.1
  6165.509   57245.1525    0.1
  6165.527   56879.9901    0.1
  6165.544   56459.0176    0.1
  6165.562   55943.3562    0.1
  6165.579   55243.1493    0.1
  6165.596   55020.0047    0.1
  6165.614   54423.7056    0.1
  6165.631   53982.4820    0.1
  6165.649   53456.2177    0.1
  6165.666   52641.4859    0.1
  6165.684   51775.2894    0.1
  6165.701   51354.4677    0.1
  6165.718   50930.7454    0.1
  6165.736   50663.5761    0.1
  6165.753   50607.5730    0.1
  6165.771   50488.2802    0.1
  6165.788   50508.0383    0.1
  6165.805   50659.0014    0.1
  6165.823   50986.7490    0.1
  6165.840   51465.9770    0.1
  6165.858   51847.7038    0.1
  6165.875   52293.6396    0.1
  6165.892   52905.9372    0.1
  6165.910   53395.5936    0.1
  6165.927   53842.5971    0.1
  6165.945   54377.4890    0.1
  6165.962   54886.3916    0.1
  6165.980   55202.0954    0.1
  6165.997   55927.1626    0.1
  6166.014   56585.2915    0.1
  6166.032   56956.1762    0.1
  6166.049   57623.1054    0.1
  6166.067   58192.7938    0.1
  6166.084   58422.6455    0.1
  6166.101   58680.2982    0.1
  6166.119   58704.0412    0.1
  6166.136   58640.5363    0.1
  6166.154   58562.0883    0.1
  6166.171   58357.7289    0.1
  6166.188   58147.8050    0.1
  6166.206   57807.3228    0.1
  6166.223   56980.7952    0.1
  6166.241   56599.8662    0.1
  6166.258   56201.2015    0.1
  6166.276   55588.8290    0.1
  6166.293   54970.8885    0.1
  6166.310   54663.1870    0.1
  6166.328   54248.8458    0.1
  6166.345   53991.7424    0.1
  6166.363   53784.7470    0.1
  6166.380   53609.8305    0.1
  6166.397   53520.4850    0.1
  6166.415   53527.2659    0.1
  6166.432   53506.4630    0.1
  6166.450   53488.5090    0.1
  6166.467   53550.9088    0.1
  6166.484   53722.3087    0.1
  6166.502   53613.1062    0.1
  6166.519   53701.7131    0.1
  6166.537   53846.9535    0.1
  6166.554   54003.7101    0.1
  6166.572   54032.0137    0.1
  6166.589   53974.5714    0.1
  6166.606   53717.9805    0.1
  6166.624   53429.1038    0.1
  6166.641   53211.0628    0.1
  6166.659   52618.2788    0.1
  6166.676   51777.9174    0.1
  6166.693   51391.5687    0.1
  6166.711   50559.5111    0.1
  6166.728   49742.5225    0.1
  6166.746   49126.0149    0.1
  6166.763   48634.0458    0.1
  6166.780   47983.7589    0.1
  6166.798   47379.2562    0.1
  6166.815   47190.6558    0.1
  6166.833   46894.6003    0.1
  6166.850   46810.2603    0.1
  6166.868   46775.4171    0.1
  6166.885   46927.3231    0.1
  6166.902   47062.5149    0.1
  6166.920   47464.0523    0.1
  6166.937   47958.3677    0.1
  6166.955   48529.5217    0.1
  6166.972   48983.2645    0.1
  6166.989   49414.3044    0.1
  6167.007   49904.8928    0.1
  6167.024   50438.5152    0.1
  6167.042   50965.6983    0.1
  6167.059   51579.3759    0.1
  6167.076   52191.7884    0.1
  6167.094   52887.0283    0.1
  6167.111   53835.6679    0.1
  6167.129   54641.8264    0.1
  6167.146   55390.8963    0.1
  6167.164   56517.7969    0.1
  6167.181   57576.0098    0.1
  6167.198   58316.6994    0.1
  6167.216   59144.6841    0.1
  6167.233   60013.5378    0.1
  6167.251   60897.3120    0.1
  6167.268   61624.7101    0.1
  6167.285   62245.3145    0.1
  6167.303   62830.1671    0.1
  6167.320   63257.8757    0.1
  6167.338   63587.5265    0.1
  6167.355   63806.5064    0.1
  6167.372   63905.4729    0.1
  6167.390   63743.8898    0.1
  6167.407   63840.9617    0.1
  6167.425   63843.9998    0.1
  6167.442   63815.5051    0.1
  6167.459   63839.2741    0.1
  6167.477   63925.4020    0.1
  6167.494   63676.3339    0.1
  6167.512   63636.7089    0.1
  6167.529   63611.1270    0.1
  6167.547   63556.6101    0.1
  6167.564   63450.6859    0.1
  6167.581   63275.7608    0.1
  6167.599   63025.8907    0.1
  6167.616   62779.9360    0.1
  6167.634   62424.1412    0.1
  6167.651   62439.2097    0.1
  6167.668   62083.6589    0.1
  6167.686   62118.9555    0.1
  6167.703   62043.7089    0.1
  6167.721   62152.8546    0.1
  6167.738   61921.7785    0.1
  6167.755   61985.0775    0.1
  6167.773   61992.9391    0.1
  6167.790   61868.9530    0.1
  6167.808   61951.8907    0.1
  6167.825   62303.6081    0.1
  6167.843   62312.9533    0.1
  6167.860   62295.9749    0.1
  6167.877   62423.9019    0.1
  6167.895   62426.7279    0.1
  6167.912   62446.2345    0.1
  6167.930   62319.0579    0.1
  6167.947   62298.5175    0.1
  6167.964   62188.4907    0.1
  6167.982   62199.4586    0.1
  6167.999   61878.2291    0.1
  6168.017   61360.2076    0.1
  6168.034   60895.4953    0.1
  6168.051   60507.6177    0.1
  6168.069   60092.2986    0.1
  6168.086   59670.3875    0.1
  6168.104   59262.0572    0.1
  6168.121   58980.7116    0.1
  6168.139   58879.8116    0.1
  6168.156   58752.1142    0.1
  6168.173   58586.0362    0.1
  6168.191   58498.4521    0.1
  6168.208   58600.8220    0.1
  6168.226   58694.1814    0.1
  6168.243   58930.9529    0.1
  6168.260   59097.0954    0.1
  6168.278   59065.1555    0.1
  6168.295   59540.0774    0.1
  6168.313   60037.6982    0.1
  6168.330   60672.9510    0.1
  6168.347   61361.1853    0.1
  6168.365   62362.0284    0.1
  6168.382   62640.0126    0.1
  6168.400   63228.2438    0.1
  6168.417   63669.5535    0.1
  6168.435   63801.1746    0.1
  6168.452   63720.7238    0.1
  6168.469   63844.0871    0.1
  6168.487   64116.2608    0.1
  6168.504   64116.2508    0.1
  6168.522   63910.2597    0.1
  6168.539   63690.5752    0.1
  6168.556   63884.3220    0.1
  6168.574   63554.3584    0.1
  6168.591   62858.1384    0.1
  6168.609   62619.6208    0.1
  6168.626   62434.2690    0.1
  6168.643   61820.3994    0.1
  6168.661   61334.1212    0.1
  6168.678   60900.6493    0.1
  6168.696   60460.5437    0.1
  6168.713   60056.0494    0.1
  6168.731   59884.0124    0.1
  6168.748   59722.9946    0.1
  6168.765   59252.0868    0.1
  6168.783   59481.2574    0.1
  6168.800   59334.6516    0.1
  6168.818   59159.2433    0.1
  6168.835   58723.4958    0.1
  6168.852   58846.8365    0.1
  6168.870   59272.1976    0.1
  6168.887   59371.4767    0.1
  6168.905   59639.1802    0.1
  6168.922   60026.1309    0.1
  6168.939   60430.7041    0.1
  6168.957   60460.0263    0.1
  6168.974   61346.9704    0.1
  6168.992   61804.1825    0.1
  6169.009   61844.2049    0.1
  6169.027   62376.3693    0.1
  6169.044   62545.7675    0.1
  6169.061   62717.5473    0.1
  6169.079   62679.6057    0.1
  6169.096   62425.0298    0.1
  6169.114   62045.6087    0.1
  6169.131   61489.0623    0.1
  6169.148   60666.5672    0.1
  6169.166   59751.8114    0.1
  6169.183   58495.1188    0.1
  6169.201   57240.4901    0.1
  6169.218   56251.2381    0.1
  6169.235   55101.5527    0.1
  6169.253   53608.2942    0.1
  6169.270   52107.2206    0.1
  6169.288   50897.9126    0.1
  6169.305   49408.8172    0.1
  6169.323   48015.4092    0.1
  6169.340   47006.7464    0.1
  6169.357   46176.1756    0.1
  6169.375   45343.7627    0.1
  6169.392   44387.6901    0.1
  6169.410   43916.0196    0.1
  6169.427   43479.7343    0.1
  6169.444   43444.6003    0.1
  6169.462   43410.2887    0.1
  6169.479   43566.1508    0.1
  6169.497   43759.9022    0.1
  6169.514   43843.7828    0.1
  6169.531   44135.9941    0.1
  6169.549   44614.2543    0.1
  6169.566   45096.3343    0.1
  6169.584   45700.4118    0.1
  6169.601   46338.8516    0.1
  6169.618   47068.1812    0.1
  6169.636   47386.0620    0.1
  6169.653   47959.6214    0.1
  6169.671   48726.7209    0.1
  6169.688   48785.9989    0.1
  6169.706   49154.7680    0.1
  6169.723   49415.2085    0.1
  6169.740   49334.8825    0.1
  6169.758   48975.2708    0.1
  6169.775   49101.0462    0.1
  6169.793   48693.6521    0.1
  6169.810   48169.6487    0.1
  6169.827   47136.4781    0.1
  6169.845   46338.7559    0.1
  6169.862   45889.0551    0.1
  6169.880   45276.6138    0.1
  6169.897   44685.5899    0.1
  6169.914   44220.2469    0.1
  6169.932   43802.9307    0.1
  6169.949   43573.8653    0.1
  6169.967   43423.2675    0.1
